object={
	name="rock_desert_generator_1_0"
	clamp_to_water_level=no
	render_under_water=no
	generated_content=yes
	layer="tree_high_layer"
	pdxmesh="rock_desert_01_mesh"
	count=41
	transform="2030.571655 0.000000 2480.838135 0.000000 0.648297 0.000000 0.761388 1.000000 1.000000 1.000000
1991.985962 0.000000 2485.955811 0.000000 0.996815 0.000000 0.079746 1.000000 1.000000 1.000000
2047.234497 0.000000 2494.223633 0.000000 0.656282 0.000000 0.754515 1.000000 1.000000 1.000000
2037.460327 0.000000 2479.571045 0.000000 0.933069 0.000000 -0.359698 1.000000 1.000000 1.000000
2004.353027 0.000000 2549.054199 0.000000 0.560622 0.000000 -0.828072 1.000000 1.000000 1.000000
2015.299927 0.000000 2525.501709 0.000000 0.695076 0.000000 -0.718937 1.000000 1.000000 1.000000
2034.284546 0.000000 2482.235107 0.000000 0.969552 0.000000 0.244884 1.000000 1.000000 1.000000
2046.126953 0.000000 2480.399902 0.000000 0.995081 0.000000 -0.099065 1.000000 1.000000 1.000000
1988.256958 0.000000 2482.303467 0.000000 0.933680 0.000000 -0.358108 1.000000 1.000000 1.000000
2050.692383 0.000000 2480.725342 0.000000 0.692310 0.000000 -0.721600 1.000000 1.000000 1.000000
2053.721680 0.000000 2537.253174 0.000000 0.182259 0.000000 0.983251 1.000000 1.000000 1.000000
2050.289062 0.000000 2483.295410 0.000000 0.485868 0.000000 -0.874032 1.000000 1.000000 1.000000
2050.573975 0.000000 2536.667969 0.000000 0.753887 0.000000 -0.657005 1.000000 1.000000 1.000000
2001.234619 0.000000 2559.537842 0.000000 0.753575 0.000000 -0.657362 1.000000 1.000000 1.000000
2003.155029 0.000000 2560.241455 0.000000 0.713857 0.000000 0.700292 1.000000 1.000000 1.000000
2002.056763 0.000000 2563.857178 0.000000 0.987790 0.000000 0.155791 1.000000 1.000000 1.000000
2141.162109 0.000000 2596.909668 0.000000 0.482180 0.000000 -0.876072 1.000000 1.000000 1.000000
2147.167969 0.000000 2598.210205 0.000000 0.751757 0.000000 -0.659440 1.000000 1.000000 1.000000
2136.641602 0.000000 2603.029053 0.000000 0.857543 0.000000 -0.514412 1.000000 1.000000 1.000000
2137.013916 0.000000 2600.470459 0.000000 0.994832 0.000000 -0.101538 1.000000 1.000000 1.000000
2238.521729 0.000000 2609.208984 0.000000 0.319158 0.000000 -0.947702 1.000000 1.000000 1.000000
2239.938721 0.000000 2610.507812 0.000000 0.236154 0.000000 -0.971716 1.000000 1.000000 1.000000
2243.355713 0.000000 2626.492920 0.000000 0.689287 0.000000 -0.724488 1.000000 1.000000 1.000000
2242.868896 0.000000 2611.396729 0.000000 0.319742 0.000000 -0.947505 1.000000 1.000000 1.000000
2242.103027 0.000000 2635.453125 0.000000 0.101279 0.000000 0.994858 1.000000 1.000000 1.000000
2246.410156 0.000000 2604.784180 0.000000 0.971102 0.000000 0.238666 1.000000 1.000000 1.000000
2248.585938 0.000000 2605.239746 0.000000 0.997698 0.000000 0.067814 1.000000 1.000000 1.000000
2270.793945 0.000000 2647.164307 0.000000 0.969838 0.000000 0.243752 1.000000 1.000000 1.000000
2275.522949 0.000000 2649.943604 0.000000 0.750699 0.000000 -0.660645 1.000000 1.000000 1.000000
2245.686035 0.000000 2657.412109 0.000000 0.970702 0.000000 0.240286 1.000000 1.000000 1.000000
2252.482422 0.000000 2661.628662 0.000000 0.774963 0.000000 0.632006 1.000000 1.000000 1.000000
2244.597412 0.000000 2660.874268 0.000000 0.694891 0.000000 -0.719115 1.000000 1.000000 1.000000
2187.537354 0.000000 2784.518799 0.000000 0.945849 0.000000 0.324608 1.000000 1.000000 1.000000
2199.589844 0.000000 2781.639893 0.000000 0.482993 0.000000 -0.875624 1.000000 1.000000 1.000000
2209.547363 0.000000 2755.491943 0.000000 0.946616 0.000000 0.322365 1.000000 1.000000 1.000000
2184.284912 0.000000 2778.265625 0.000000 0.980210 0.000000 -0.197961 1.000000 1.000000 1.000000
2195.389160 0.000000 2787.214600 0.000000 0.100179 0.000000 0.994969 1.000000 1.000000 1.000000
2194.712891 0.000000 2785.390869 0.000000 0.805962 0.000000 -0.591968 1.000000 1.000000 1.000000
2462.486084 0.000000 2617.662109 0.000000 0.759238 0.000000 -0.650813 1.000000 1.000000 1.000000
2582.267334 0.000000 2777.680664 0.000000 0.145165 0.000000 -0.989407 1.000000 1.000000 1.000000
2591.843018 0.000000 2769.972656 0.000000 0.064656 0.000000 -0.997908 1.000000 1.000000 1.000000
"}
object={
	name="rock_desert_generator_1_1"
	clamp_to_water_level=no
	render_under_water=no
	generated_content=yes
	layer="tree_high_layer"
	pdxmesh="rock_desert_02_mesh"
	count=44
	transform="2028.010498 0.000000 2474.725830 0.000000 0.726169 0.000000 0.687516 1.000000 1.000000 1.000000
2020.610229 0.000000 2473.347412 0.000000 0.048538 0.000000 -0.998821 1.000000 1.000000 1.000000
2025.096191 0.000000 2475.961182 0.000000 0.929054 0.000000 -0.369945 1.000000 1.000000 1.000000
2027.418823 0.000000 2476.575684 0.000000 0.614877 0.000000 -0.788623 1.000000 1.000000 1.000000
1980.913818 0.000000 2486.853271 0.000000 0.305222 0.000000 -0.952281 1.000000 1.000000 1.000000
2045.275024 0.000000 2524.308105 0.000000 0.746373 0.000000 -0.665527 1.000000 1.000000 1.000000
1987.528076 0.000000 2485.506348 0.000000 0.112926 0.000000 0.993603 1.000000 1.000000 1.000000
2042.417480 0.000000 2533.583252 0.000000 0.682151 0.000000 -0.731211 1.000000 1.000000 1.000000
2009.063232 0.000000 2526.952393 0.000000 0.879733 0.000000 0.475468 1.000000 1.000000 1.000000
2017.382202 0.000000 2522.995117 0.000000 0.999777 0.000000 -0.021098 1.000000 1.000000 1.000000
2033.251465 0.000000 2479.527832 0.000000 0.284716 0.000000 0.958612 1.000000 1.000000 1.000000
2050.334961 0.000000 2534.286621 0.000000 0.738490 0.000000 -0.674264 1.000000 1.000000 1.000000
2051.187256 0.000000 2539.002686 0.000000 0.194814 0.000000 0.980840 1.000000 1.000000 1.000000
2049.362061 0.000000 2520.952148 0.000000 0.132604 0.000000 -0.991169 1.000000 1.000000 1.000000
2016.322144 0.000000 2573.725342 0.000000 0.614431 0.000000 -0.788971 1.000000 1.000000 1.000000
2014.825317 0.000000 2567.179932 0.000000 0.956133 0.000000 -0.292932 1.000000 1.000000 1.000000
2011.348511 0.000000 2566.476807 0.000000 0.955607 0.000000 -0.294646 1.000000 1.000000 1.000000
2144.186035 0.000000 2599.441162 0.000000 0.386734 0.000000 -0.922191 1.000000 1.000000 1.000000
2153.414551 0.000000 2615.303955 0.000000 0.590325 0.000000 0.807166 1.000000 1.000000 1.000000
2155.112549 0.000000 2606.356445 0.000000 0.685570 0.000000 -0.728007 1.000000 1.000000 1.000000
2239.637695 0.000000 2606.875732 0.000000 0.890297 0.000000 -0.455380 1.000000 1.000000 1.000000
2246.085693 0.000000 2611.160889 0.000000 0.387988 0.000000 -0.921664 1.000000 1.000000 1.000000
2250.139893 0.000000 2600.525879 0.000000 0.274865 0.000000 0.961483 1.000000 1.000000 1.000000
2244.864014 0.000000 2624.483643 0.000000 0.315462 0.000000 -0.948938 1.000000 1.000000 1.000000
2245.794678 0.000000 2608.850830 0.000000 0.188172 0.000000 0.982136 1.000000 1.000000 1.000000
2244.310791 0.000000 2610.109375 0.000000 0.783101 0.000000 0.621895 1.000000 1.000000 1.000000
2242.668945 0.000000 2640.694092 0.000000 0.304198 0.000000 -0.952609 1.000000 1.000000 1.000000
2259.166748 0.000000 2690.012695 0.000000 0.390124 0.000000 -0.920762 1.000000 1.000000 1.000000
2267.317139 0.000000 2646.461182 0.000000 0.054186 0.000000 -0.998531 1.000000 1.000000 1.000000
2259.194824 0.000000 2696.248047 0.000000 0.785670 0.000000 0.618645 1.000000 1.000000 1.000000
2273.748047 0.000000 2647.540039 0.000000 0.958053 0.000000 -0.286590 1.000000 1.000000 1.000000
2265.295166 0.000000 2646.294922 0.000000 0.990347 0.000000 0.138612 1.000000 1.000000 1.000000
2244.082275 0.000000 2662.613770 0.000000 0.800084 0.000000 -0.599888 1.000000 1.000000 1.000000
2196.504395 0.000000 2784.690186 0.000000 0.880038 0.000000 0.474903 1.000000 1.000000 1.000000
2208.178223 0.000000 2759.409912 0.000000 0.542868 0.000000 -0.839818 1.000000 1.000000 1.000000
2186.515137 0.000000 2776.187256 0.000000 0.389910 0.000000 -0.920853 1.000000 1.000000 1.000000
2195.202637 0.000000 2776.232422 0.000000 0.619102 0.000000 -0.785311 1.000000 1.000000 1.000000
2187.398682 0.000000 2778.762207 0.000000 0.849894 0.000000 -0.526953 1.000000 1.000000 1.000000
2185.237549 0.000000 2783.568115 0.000000 0.916214 0.000000 0.400690 1.000000 1.000000 1.000000
2210.579346 0.000000 2753.972656 0.000000 0.439587 0.000000 0.898200 1.000000 1.000000 1.000000
2464.845703 0.000000 2616.210449 0.000000 0.741338 0.000000 -0.671132 1.000000 1.000000 1.000000
2463.784180 0.000000 2621.400391 0.000000 0.018580 0.000000 0.999827 1.000000 1.000000 1.000000
2579.115723 0.000000 2773.242920 0.000000 0.108361 0.000000 0.994112 1.000000 1.000000 1.000000
2589.070068 0.000000 2769.800049 0.000000 0.616403 0.000000 -0.787431 1.000000 1.000000 1.000000
"}
object={
	name="rock_desert_generator_1_2"
	clamp_to_water_level=no
	render_under_water=no
	generated_content=yes
	layer="tree_high_layer"
	pdxmesh="rock_desert_03_mesh"
	count=38
	transform="2047.633179 0.000000 2479.430664 0.000000 0.976665 0.000000 -0.214769 1.000000 1.000000 1.000000
2025.874634 0.000000 2477.905029 0.000000 0.990263 0.000000 -0.139212 1.000000 1.000000 1.000000
2029.123901 0.000000 2477.766113 0.000000 0.990358 0.000000 -0.138531 1.000000 1.000000 1.000000
2016.220581 0.000000 2474.413086 0.000000 0.676362 0.000000 0.736570 1.000000 1.000000 1.000000
2033.997559 0.000000 2478.832520 0.000000 0.734750 0.000000 0.678338 1.000000 1.000000 1.000000
2011.570312 0.000000 2523.631836 0.000000 0.121156 0.000000 -0.992634 1.000000 1.000000 1.000000
1997.941528 0.000000 2548.009766 0.000000 0.845782 0.000000 0.533529 1.000000 1.000000 1.000000
2002.906372 0.000000 2551.264893 0.000000 0.377331 0.000000 -0.926079 1.000000 1.000000 1.000000
1989.953857 0.000000 2484.489258 0.000000 0.734435 0.000000 -0.678679 1.000000 1.000000 1.000000
2049.775879 0.000000 2495.493164 0.000000 0.674862 0.000000 0.737944 1.000000 1.000000 1.000000
2050.892334 0.000000 2531.412354 0.000000 0.837870 0.000000 0.545870 1.000000 1.000000 1.000000
2047.806885 0.000000 2480.568604 0.000000 0.882518 0.000000 -0.470280 1.000000 1.000000 1.000000
2047.865967 0.000000 2493.971191 0.000000 0.999318 0.000000 0.036923 1.000000 1.000000 1.000000
2000.001465 0.000000 2563.780762 0.000000 0.032281 0.000000 -0.999479 1.000000 1.000000 1.000000
1984.126587 0.000000 2580.364990 0.000000 0.032160 0.000000 -0.999483 1.000000 1.000000 1.000000
2005.524170 0.000000 2560.056152 0.000000 0.038003 0.000000 -0.999278 1.000000 1.000000 1.000000
2015.003174 0.000000 2570.538330 0.000000 0.376016 0.000000 -0.926613 1.000000 1.000000 1.000000
2154.406982 0.000000 2609.154541 0.000000 0.991057 0.000000 -0.133439 1.000000 1.000000 1.000000
2240.480957 0.000000 2637.539062 0.000000 0.205955 0.000000 -0.978561 1.000000 1.000000 1.000000
2245.984375 0.000000 2661.788818 0.000000 0.532576 0.000000 0.846382 1.000000 1.000000 1.000000
2249.068115 0.000000 2661.096191 0.000000 0.206238 0.000000 -0.978502 1.000000 1.000000 1.000000
2252.846191 0.000000 2701.737305 0.000000 0.886970 0.000000 0.461828 1.000000 1.000000 1.000000
2244.692871 0.000000 2664.491455 0.000000 0.921492 0.000000 0.388398 1.000000 1.000000 1.000000
2256.719971 0.000000 2697.665771 0.000000 0.208586 0.000000 0.978004 1.000000 1.000000 1.000000
2251.390869 0.000000 2698.777832 0.000000 0.883230 0.000000 0.468941 1.000000 1.000000 1.000000
2253.385498 0.000000 2657.737305 0.000000 0.843756 0.000000 0.536727 1.000000 1.000000 1.000000
2247.946289 0.000000 2658.753662 0.000000 0.533722 0.000000 -0.845660 1.000000 1.000000 1.000000
2247.838135 0.000000 2662.805664 0.000000 0.038868 0.000000 0.999244 1.000000 1.000000 1.000000
2267.418457 0.000000 2644.113281 0.000000 0.998975 0.000000 0.045261 1.000000 1.000000 1.000000
2247.420654 0.000000 2660.530273 0.000000 0.384213 0.000000 0.923245 1.000000 1.000000 1.000000
2191.825195 0.000000 2783.495361 0.000000 0.526985 0.000000 -0.849875 1.000000 1.000000 1.000000
2194.580811 0.000000 2779.825195 0.000000 0.952574 0.000000 0.304308 1.000000 1.000000 1.000000
2192.800537 0.000000 2789.271240 0.000000 0.603375 0.000000 -0.797457 1.000000 1.000000 1.000000
2194.309570 0.000000 2783.308838 0.000000 0.379306 0.000000 -0.925271 1.000000 1.000000 1.000000
2463.200195 0.000000 2619.413818 0.000000 0.538506 0.000000 -0.842622 1.000000 1.000000 1.000000
2468.555664 0.000000 2633.316162 0.000000 0.373812 0.000000 0.927505 1.000000 1.000000 1.000000
2465.545654 0.000000 2620.628906 0.000000 0.738272 0.000000 0.674503 1.000000 1.000000 1.000000
2582.265381 0.000000 2773.156006 0.000000 0.840615 0.000000 0.541632 1.000000 1.000000 1.000000
"}
object={
	name="rock_desert_generator_1_3"
	clamp_to_water_level=no
	render_under_water=no
	generated_content=yes
	layer="tree_high_layer"
	pdxmesh="rock_desert_04_mesh"
	count=37
	transform="2032.218018 0.000000 2477.795410 0.000000 0.972406 0.000000 -0.233296 1.000000 1.000000 1.000000
2025.634277 0.000000 2474.011475 0.000000 0.804469 0.000000 0.593995 1.000000 1.000000 1.000000
2029.646729 0.000000 2475.881836 0.000000 0.196654 0.000000 -0.980473 1.000000 1.000000 1.000000
2038.960449 0.000000 2532.898682 0.000000 0.199689 0.000000 -0.979859 1.000000 1.000000 1.000000
1995.827393 0.000000 2552.344971 0.000000 0.541821 0.000000 0.840494 1.000000 1.000000 1.000000
1998.483032 0.000000 2554.179443 0.000000 0.191104 0.000000 -0.981570 1.000000 1.000000 1.000000
2051.936523 0.000000 2524.634766 0.000000 0.776480 0.000000 -0.630141 1.000000 1.000000 1.000000
2048.533936 0.000000 2535.901123 0.000000 0.546747 0.000000 0.837298 1.000000 1.000000 1.000000
1994.474731 0.000000 2573.528076 0.000000 0.956428 0.000000 0.291968 1.000000 1.000000 1.000000
2002.988403 0.000000 2562.363037 0.000000 0.312954 0.000000 0.949768 1.000000 1.000000 1.000000
1987.340210 0.000000 2579.893066 0.000000 0.102035 0.000000 -0.994781 1.000000 1.000000 1.000000
2010.340942 0.000000 2569.365967 0.000000 0.538975 0.000000 0.842322 1.000000 1.000000 1.000000
2250.767822 0.000000 2604.626465 0.000000 0.833263 0.000000 -0.552877 1.000000 1.000000 1.000000
2243.855957 0.000000 2637.787109 0.000000 0.013811 0.000000 -0.999905 1.000000 1.000000 1.000000
2247.497070 0.000000 2602.504150 0.000000 0.723040 0.000000 -0.690806 1.000000 1.000000 1.000000
2243.312744 0.000000 2608.332520 0.000000 0.311230 0.000000 0.950334 1.000000 1.000000 1.000000
2249.124268 0.000000 2609.898438 0.000000 0.656190 0.000000 -0.754595 1.000000 1.000000 1.000000
2240.861328 0.000000 2606.107666 0.000000 0.919051 0.000000 -0.394138 1.000000 1.000000 1.000000
2276.756836 0.000000 2644.800537 0.000000 0.998009 0.000000 -0.063076 1.000000 1.000000 1.000000
2264.286865 0.000000 2648.249268 0.000000 0.999727 0.000000 0.023375 1.000000 1.000000 1.000000
2241.501465 0.000000 2664.972656 0.000000 0.446968 0.000000 -0.894550 1.000000 1.000000 1.000000
2269.871338 0.000000 2643.307861 0.000000 0.877567 0.000000 -0.479454 1.000000 1.000000 1.000000
2273.105713 0.000000 2644.696289 0.000000 0.925352 0.000000 0.379108 1.000000 1.000000 1.000000
2259.154785 0.000000 2693.258545 0.000000 0.804688 0.000000 0.593698 1.000000 1.000000 1.000000
2242.055664 0.000000 2662.330078 0.000000 0.547919 0.000000 0.836531 1.000000 1.000000 1.000000
2266.309570 0.000000 2649.350342 0.000000 0.439212 0.000000 -0.898383 1.000000 1.000000 1.000000
2261.061523 0.000000 2691.345703 0.000000 0.829768 0.000000 -0.558108 1.000000 1.000000 1.000000
2245.968994 0.000000 2659.626953 0.000000 0.141355 0.000000 0.989959 1.000000 1.000000 1.000000
2277.594971 0.000000 2649.540771 0.000000 0.053107 0.000000 0.998589 1.000000 1.000000 1.000000
2272.415527 0.000000 2646.414307 0.000000 0.521134 0.000000 -0.853475 1.000000 1.000000 1.000000
2183.224121 0.000000 2785.720215 0.000000 0.950887 0.000000 -0.309537 1.000000 1.000000 1.000000
2185.265625 0.000000 2781.008301 0.000000 0.971376 0.000000 -0.237546 1.000000 1.000000 1.000000
2196.559326 0.000000 2781.877197 0.000000 0.989064 0.000000 -0.147488 1.000000 1.000000 1.000000
2213.927246 0.000000 2750.198730 0.000000 0.990017 0.000000 -0.140945 1.000000 1.000000 1.000000
2579.127686 0.000000 2769.997070 0.000000 0.548140 0.000000 0.836387 1.000000 1.000000 1.000000
2587.563232 0.000000 2771.129883 0.000000 0.853630 0.000000 0.520880 1.000000 1.000000 1.000000
2586.291992 0.000000 2768.336670 0.000000 0.849110 0.000000 0.528216 1.000000 1.000000 1.000000
"}
object={
	name="rock_desert_generator_1_4"
	clamp_to_water_level=no
	render_under_water=no
	generated_content=yes
	layer="tree_high_layer"
	pdxmesh="rock_desert_05_mesh"
	count=34
	transform="2015.164917 0.000000 2477.750000 0.000000 0.476046 0.000000 0.879420 1.000000 1.000000 1.000000
2026.486938 0.000000 2475.311035 0.000000 0.502559 0.000000 -0.864543 1.000000 1.000000 1.000000
1983.196655 0.000000 2483.130859 0.000000 0.712351 0.000000 -0.701823 1.000000 1.000000 1.000000
1982.370728 0.000000 2485.174561 0.000000 0.753196 0.000000 0.657796 1.000000 1.000000 1.000000
2045.520386 0.000000 2535.355713 0.000000 0.983033 0.000000 0.183429 1.000000 1.000000 1.000000
2047.188843 0.000000 2483.130859 0.000000 0.751431 0.000000 0.659811 1.000000 1.000000 1.000000
2046.526489 0.000000 2521.523682 0.000000 0.236304 0.000000 0.971679 1.000000 1.000000 1.000000
2048.348145 0.000000 2538.104980 0.000000 0.243807 0.000000 0.969824 1.000000 1.000000 1.000000
2052.249268 0.000000 2482.303467 0.000000 0.804694 0.000000 0.593690 1.000000 1.000000 1.000000
2012.703125 0.000000 2569.016113 0.000000 0.099495 0.000000 -0.995038 1.000000 1.000000 1.000000
2139.554688 0.000000 2603.616211 0.000000 0.098218 0.000000 -0.995165 1.000000 1.000000 1.000000
2149.096924 0.000000 2614.042969 0.000000 0.813379 0.000000 0.581734 1.000000 1.000000 1.000000
2139.688477 0.000000 2600.081299 0.000000 0.776515 0.000000 -0.630098 1.000000 1.000000 1.000000
2153.679688 0.000000 2617.780518 0.000000 0.237125 0.000000 0.971479 1.000000 1.000000 1.000000
2142.025146 0.000000 2599.045410 0.000000 0.070238 0.000000 0.997530 1.000000 1.000000 1.000000
2239.230957 0.000000 2635.541016 0.000000 0.960909 0.000000 0.276863 1.000000 1.000000 1.000000
2244.275146 0.000000 2621.853760 0.000000 0.071569 0.000000 0.997436 1.000000 1.000000 1.000000
2247.355713 0.000000 2607.093262 0.000000 0.872752 0.000000 -0.488164 1.000000 1.000000 1.000000
2241.042725 0.000000 2608.363281 0.000000 0.487535 0.000000 0.873103 1.000000 1.000000 1.000000
2250.750488 0.000000 2658.561768 0.000000 0.994635 0.000000 0.103445 1.000000 1.000000 1.000000
2256.320068 0.000000 2694.329590 0.000000 0.555934 0.000000 0.831226 1.000000 1.000000 1.000000
2255.502930 0.000000 2659.610352 0.000000 0.968101 0.000000 -0.250559 1.000000 1.000000 1.000000
2254.180664 0.000000 2655.152832 0.000000 0.435579 0.000000 -0.900150 1.000000 1.000000 1.000000
2259.108887 0.000000 2686.555908 0.000000 0.575851 0.000000 -0.817555 1.000000 1.000000 1.000000
2269.217773 0.000000 2645.384033 0.000000 0.968075 0.000000 -0.250660 1.000000 1.000000 1.000000
2268.884033 0.000000 2647.221924 0.000000 0.489294 0.000000 0.872119 1.000000 1.000000 1.000000
2266.187744 0.000000 2647.684326 0.000000 0.858439 0.000000 0.512915 1.000000 1.000000 1.000000
2215.769287 0.000000 2751.382324 0.000000 0.265259 0.000000 -0.964177 1.000000 1.000000 1.000000
2212.365723 0.000000 2753.376221 0.000000 0.898130 0.000000 0.439731 1.000000 1.000000 1.000000
2469.385254 0.000000 2630.621582 0.000000 0.479076 0.000000 0.877773 1.000000 1.000000 1.000000
2462.554199 0.000000 2622.817383 0.000000 0.243340 0.000000 0.969941 1.000000 1.000000 1.000000
2464.653564 0.000000 2618.150391 0.000000 0.752753 0.000000 0.658303 1.000000 1.000000 1.000000
2585.853516 0.000000 2770.189697 0.000000 0.995239 0.000000 0.097464 1.000000 1.000000 1.000000
2586.433350 0.000000 2772.769775 0.000000 0.944285 0.000000 -0.329128 1.000000 1.000000 1.000000
"}
object={
	name="rock_desert_generator_1_5"
	clamp_to_water_level=no
	render_under_water=no
	generated_content=yes
	layer="tree_high_layer"
	pdxmesh="rock_desert_06_mesh"
	count=41
	transform="2018.552490 0.000000 2475.258301 0.000000 0.252079 0.000000 -0.967707 1.000000 1.000000 1.000000
2023.231445 0.000000 2475.090088 0.000000 0.169139 0.000000 -0.985592 1.000000 1.000000 1.000000
1986.700195 0.000000 2480.725342 0.000000 0.641767 0.000000 -0.766900 1.000000 1.000000 1.000000
2000.360596 0.000000 2551.932861 0.000000 0.964788 0.000000 0.263027 1.000000 1.000000 1.000000
2002.201782 0.000000 2556.958740 0.000000 0.817650 0.000000 0.575716 1.000000 1.000000 1.000000
1990.465698 0.000000 2482.134521 0.000000 0.965896 0.000000 -0.258931 1.000000 1.000000 1.000000
1983.887085 0.000000 2483.860840 0.000000 0.329184 0.000000 -0.944266 1.000000 1.000000 1.000000
2012.201538 0.000000 2527.501709 0.000000 0.245623 0.000000 -0.969366 1.000000 1.000000 1.000000
2014.449097 0.000000 2522.180908 0.000000 0.247757 0.000000 0.968822 1.000000 1.000000 1.000000
1994.531860 0.000000 2554.927246 0.000000 0.166848 0.000000 0.985983 1.000000 1.000000 1.000000
1998.087524 0.000000 2550.676270 0.000000 0.868020 0.000000 0.496530 1.000000 1.000000 1.000000
1986.296875 0.000000 2483.295410 0.000000 0.246605 0.000000 0.969116 1.000000 1.000000 1.000000
2000.204346 0.000000 2555.822510 0.000000 0.328377 0.000000 0.944547 1.000000 1.000000 1.000000
2047.815186 0.000000 2523.086670 0.000000 0.941406 0.000000 -0.337275 1.000000 1.000000 1.000000
2047.879272 0.000000 2483.860840 0.000000 0.939434 0.000000 0.342730 1.000000 1.000000 1.000000
2049.239014 0.000000 2492.085693 0.000000 0.076574 0.000000 -0.997064 1.000000 1.000000 1.000000
2000.007446 0.000000 2567.668457 0.000000 0.812190 0.000000 -0.583394 1.000000 1.000000 1.000000
2001.989746 0.000000 2565.680420 0.000000 0.329856 0.000000 0.944031 1.000000 1.000000 1.000000
1995.405151 0.000000 2575.934570 0.000000 0.940562 0.000000 0.339622 1.000000 1.000000 1.000000
2017.241821 0.000000 2571.379395 0.000000 0.760841 0.000000 -0.648938 1.000000 1.000000 1.000000
2134.282959 0.000000 2605.040283 0.000000 0.864172 0.000000 0.503196 1.000000 1.000000 1.000000
2134.647705 0.000000 2600.706055 0.000000 0.499889 0.000000 0.866089 1.000000 1.000000 1.000000
2150.245361 0.000000 2617.464111 0.000000 0.936938 0.000000 -0.349497 1.000000 1.000000 1.000000
2132.657959 0.000000 2602.948242 0.000000 0.171385 0.000000 -0.985204 1.000000 1.000000 1.000000
2247.216309 0.000000 2625.751465 0.000000 0.496461 0.000000 -0.868059 1.000000 1.000000 1.000000
2240.503174 0.000000 2633.326172 0.000000 0.641466 0.000000 -0.767151 1.000000 1.000000 1.000000
2242.652344 0.000000 2623.704102 0.000000 0.936243 0.000000 -0.351352 1.000000 1.000000 1.000000
2238.660645 0.000000 2664.407471 0.000000 0.861614 0.000000 -0.507563 1.000000 1.000000 1.000000
2249.257812 0.000000 2701.023926 0.000000 0.905679 0.000000 0.423963 1.000000 1.000000 1.000000
2267.853027 0.000000 2651.798096 0.000000 0.706876 0.000000 0.707338 1.000000 1.000000 1.000000
2276.526855 0.000000 2647.532471 0.000000 0.334552 0.000000 -0.942377 1.000000 1.000000 1.000000
2274.930420 0.000000 2645.796875 0.000000 0.964272 0.000000 -0.264915 1.000000 1.000000 1.000000
2211.804688 0.000000 2750.303223 0.000000 0.963864 0.000000 -0.266395 1.000000 1.000000 1.000000
2193.432861 0.000000 2786.819336 0.000000 0.255288 0.000000 -0.966865 1.000000 1.000000 1.000000
2192.114502 0.000000 2780.922119 0.000000 0.502479 0.000000 0.864589 1.000000 1.000000 1.000000
2462.293213 0.000000 2615.837891 0.000000 0.965280 0.000000 -0.261218 1.000000 1.000000 1.000000
2466.417480 0.000000 2623.171631 0.000000 0.995607 0.000000 -0.093632 1.000000 1.000000 1.000000
2472.677490 0.000000 2631.757568 0.000000 0.417710 0.000000 -0.908580 1.000000 1.000000 1.000000
2585.965088 0.000000 2775.371582 0.000000 0.864496 0.000000 -0.502639 1.000000 1.000000 1.000000
2587.926514 0.000000 2777.346191 0.000000 0.487990 0.000000 0.872849 1.000000 1.000000 1.000000
2581.022461 0.000000 2771.330078 0.000000 0.164783 0.000000 -0.986330 1.000000 1.000000 1.000000
"}
