object={
	name="rock_crystal_generator_1_0"
	clamp_to_water_level=no
	render_under_water=no
	generated_content=yes
	layer="tree_high_layer"
	pdxmesh="tree_crystal_1_mesh"
	count=95
	transform="1774.301025 0.000000 1735.560913 0.000000 0.384167 0.000000 0.923264 0.612294 0.612294 0.612294
1778.930176 0.000000 1738.977661 0.000000 0.324315 0.000000 0.945949 0.863732 0.863732 0.863732
1775.496826 0.000000 1734.758789 0.000000 0.567080 0.000000 0.823663 0.681054 0.681054 0.681054
1774.455200 0.000000 1737.079834 0.000000 0.683371 0.000000 0.730072 0.583179 0.583179 0.583179
1790.083130 0.000000 1793.890625 0.000000 0.314168 0.000000 0.949367 1.000000 1.000000 1.000000
1822.411621 0.000000 1633.338989 0.000000 0.239653 0.000000 0.970859 1.000000 1.000000 1.000000
1829.023438 0.000000 1679.663940 0.000000 0.360801 0.000000 0.932643 1.000000 1.000000 1.000000
1823.323486 0.000000 1645.673462 0.000000 0.624758 0.000000 0.780818 1.000000 1.000000 1.000000
1814.686768 0.000000 1640.893555 0.000000 0.072706 0.000000 0.997353 1.000000 1.000000 1.000000
1825.594238 0.000000 1635.710815 0.000000 0.630716 0.000000 0.776014 1.000000 1.000000 1.000000
1816.123535 0.000000 1674.161499 0.000000 0.544783 0.000000 0.838577 0.826174 0.826174 0.826174
1822.472656 0.000000 1642.352783 0.000000 0.209560 0.000000 0.977796 0.979633 0.979633 0.979633
1849.021240 0.000000 1667.064575 0.000000 0.688642 0.000000 0.725101 1.000000 1.000000 1.000000
1854.174316 0.000000 1658.196777 0.000000 0.459313 0.000000 0.888275 0.765206 0.765206 0.765206
1854.619141 0.000000 1661.255981 0.000000 0.354649 0.000000 0.935000 0.933638 0.933638 0.933638
1817.053223 0.000000 1640.657837 0.000000 0.254253 0.000000 0.967138 1.000000 1.000000 1.000000
1825.364136 0.000000 1646.467651 0.000000 0.310412 0.000000 0.950602 0.965530 0.965530 0.965530
1883.519531 0.000000 1628.209473 0.000000 0.524363 0.000000 0.851495 1.000000 1.000000 1.000000
1890.568359 0.000000 1675.414673 0.000000 0.739906 0.000000 0.672711 1.000000 1.000000 1.000000
1899.617798 0.000000 1670.021606 0.000000 0.486726 0.000000 0.873555 1.000000 1.000000 1.000000
1886.624634 0.000000 1663.004883 0.000000 0.533954 0.000000 0.845513 0.806319 0.806319 0.806319
1863.544067 0.000000 1642.691528 0.000000 0.306342 0.000000 0.951921 1.000000 1.000000 1.000000
1897.890381 0.000000 1678.061157 0.000000 0.469285 0.000000 0.883047 1.000000 1.000000 1.000000
1901.139648 0.000000 1677.922241 0.000000 0.297354 0.000000 0.954767 1.000000 1.000000 1.000000
1861.205566 0.000000 1642.697510 0.000000 0.619716 0.000000 0.784826 0.873836 0.873836 0.873836
1870.618286 0.000000 1652.933838 0.000000 0.575834 0.000000 0.817566 0.995221 0.995221 0.995221
1875.549927 0.000000 1679.013062 0.000000 0.180267 0.000000 0.983618 0.920212 0.920212 0.920212
1871.052490 0.000000 1656.324097 0.000000 0.641281 0.000000 0.767306 0.829683 0.829683 0.829683
1890.801270 0.000000 1673.588989 0.000000 0.553479 0.000000 0.832863 0.867308 0.867308 0.867308
1889.266235 0.000000 1662.414062 0.000000 0.250727 0.000000 0.968058 0.769779 0.769779 0.769779
1871.273438 0.000000 1657.996338 0.000000 0.497801 0.000000 0.867291 0.795584 0.795584 0.795584
1808.025024 0.000000 1683.952637 0.000000 0.286763 0.000000 0.958002 1.000000 1.000000 1.000000
1816.341675 0.000000 1688.436890 0.000000 0.471085 0.000000 0.882088 1.000000 1.000000 1.000000
1849.715210 0.000000 1712.609985 0.000000 0.450353 0.000000 0.892851 1.000000 1.000000 1.000000
1852.310059 0.000000 1740.474854 0.000000 0.538248 0.000000 0.842786 1.000000 1.000000 1.000000
1812.706055 0.000000 1685.285278 0.000000 0.215668 0.000000 0.976467 1.000000 1.000000 1.000000
1829.466797 0.000000 1729.683350 0.000000 0.334980 0.000000 0.942225 0.898730 0.898730 0.898730
1849.013062 0.000000 1737.062256 0.000000 0.192260 0.000000 0.981344 1.000000 1.000000 1.000000
1848.819580 0.000000 1687.061768 0.000000 0.164154 0.000000 0.986435 0.634972 0.634972 0.634972
1842.410645 0.000000 1743.840698 0.000000 0.055527 0.000000 0.998457 1.000000 1.000000 1.000000
1822.632446 0.000000 1742.989258 0.000000 0.182438 0.000000 0.983217 1.000000 1.000000 1.000000
1804.528198 0.000000 1682.867920 0.000000 0.412028 0.000000 0.911171 1.000000 1.000000 1.000000
1816.123535 0.000000 1754.145874 0.000000 0.312183 0.000000 0.950022 0.996871 0.996871 0.996871
1826.470947 0.000000 1728.324951 0.000000 0.254192 0.000000 0.967154 0.911442 0.911442 0.911442
1804.736938 0.000000 1722.722656 0.000000 0.082459 0.000000 0.996594 1.000000 1.000000 1.000000
1842.496216 0.000000 1740.993164 0.000000 0.150336 0.000000 0.988635 0.840483 0.840483 0.840483
1854.174316 0.000000 1738.181152 0.000000 0.363472 0.000000 0.931605 0.820428 0.820428 0.820428
1810.013306 0.000000 1685.852173 0.000000 0.671313 0.000000 0.741174 0.943728 0.943728 0.943728
1844.052124 0.000000 1751.927734 0.000000 0.559341 0.000000 0.828938 0.770674 0.770674 0.770674
1847.200317 0.000000 1738.785522 0.000000 0.636794 0.000000 0.771034 0.701056 0.701056 0.701056
1849.891968 0.000000 1739.228149 0.000000 0.392073 0.000000 0.919934 0.405187 0.405187 0.405187
1815.432251 0.000000 1681.178101 0.000000 0.300524 0.000000 0.953774 0.984202 0.984202 0.984202
1846.324951 0.000000 1740.717163 0.000000 0.244028 0.000000 0.969768 0.487550 0.487550 0.487550
1838.307861 0.000000 1697.695557 0.000000 0.399549 0.000000 0.916712 0.722039 0.722039 0.722039
1827.673584 0.000000 1729.683350 0.000000 0.707054 0.000000 0.707159 0.947054 0.947054 0.947054
1842.194824 0.000000 1748.300293 0.000000 0.448060 0.000000 0.894004 0.817729 0.817729 0.817729
1844.179077 0.000000 1750.526489 0.000000 0.592897 0.000000 0.805278 0.780310 0.780310 0.780310
1851.232056 0.000000 1739.039429 0.000000 0.424351 0.000000 0.905498 0.423197 0.423197 0.423197
1858.715942 0.000000 1680.881714 0.000000 0.447447 0.000000 0.894311 1.000000 1.000000 1.000000
1898.438477 0.000000 1729.326416 0.000000 0.682304 0.000000 0.731069 1.000000 1.000000 1.000000
1872.017212 0.000000 1683.952637 0.000000 0.077913 0.000000 0.996960 1.000000 1.000000 1.000000
1893.572021 0.000000 1699.638550 0.000000 0.745940 0.000000 0.666013 0.790745 0.790745 0.790745
1890.487793 0.000000 1743.343384 0.000000 0.428429 0.000000 0.903575 0.859189 0.859189 0.859189
1876.698242 0.000000 1685.285278 0.000000 0.588454 0.000000 0.808530 1.000000 1.000000 1.000000
1902.773682 0.000000 1731.017578 0.000000 0.273993 0.000000 0.961732 0.838566 0.838566 0.838566
1891.458496 0.000000 1747.287598 0.000000 0.742400 0.000000 0.669957 1.000000 1.000000 1.000000
1895.808350 0.000000 1711.585449 0.000000 0.557173 0.000000 0.830396 0.970646 0.970646 0.970646
1889.382812 0.000000 1733.898926 0.000000 0.529087 0.000000 0.848568 0.916520 0.916520 0.916520
1878.410034 0.000000 1728.968628 0.000000 0.537119 0.000000 0.843507 1.000000 1.000000 1.000000
1866.642700 0.000000 1747.691772 0.000000 0.429511 0.000000 0.903062 1.000000 1.000000 1.000000
1885.410645 0.000000 1748.276001 0.000000 0.066414 0.000000 0.997792 0.707060 0.707060 0.707060
1874.005493 0.000000 1685.852173 0.000000 0.349773 0.000000 0.936834 0.833379 0.833379 0.833379
1865.091675 0.000000 1709.728760 0.000000 0.602292 0.000000 0.798276 0.905377 0.905377 0.905377
1856.400146 0.000000 1709.665161 0.000000 0.445950 0.000000 0.895058 0.969557 0.969557 0.969557
1880.373413 0.000000 1728.984009 0.000000 0.046800 0.000000 0.998904 0.786937 0.786937 0.786937
1879.761108 0.000000 1756.234009 0.000000 0.143927 0.000000 0.989588 0.704437 0.704437 0.704437
1889.222168 0.000000 1732.150391 0.000000 0.004731 0.000000 0.999989 0.870978 0.870978 0.870978
1870.234131 0.000000 1758.868652 0.000000 0.281553 0.000000 0.959546 0.791413 0.791413 0.791413
1886.936157 0.000000 1753.825317 0.000000 0.086510 0.000000 0.996251 0.633173 0.633173 0.633173
1873.657715 0.000000 1755.682129 0.000000 0.159798 0.000000 0.987150 0.496510 0.496510 0.496510
1879.165527 0.000000 1757.444824 0.000000 0.305662 0.000000 0.952140 0.738877 0.738877 0.738877
1885.816650 0.000000 1751.846069 0.000000 0.336052 0.000000 0.941843 0.454262 0.454262 0.454262
1898.628052 0.000000 1735.557251 0.000000 0.003937 0.000000 0.999992 0.471915 0.471915 0.471915
1887.048950 0.000000 1751.167480 0.000000 0.637695 0.000000 0.770289 0.552179 0.552179 0.552179
1887.658691 0.000000 1750.397461 0.000000 0.528871 0.000000 0.848702 0.483815 0.483815 0.483815
1824.345703 0.000000 1773.881714 0.000000 0.422580 0.000000 0.906326 0.926359 0.926359 0.926359
1817.947388 0.000000 1810.377319 0.000000 0.657897 0.000000 0.753107 1.000000 1.000000 1.000000
1837.117798 0.000000 1789.360107 0.000000 0.072988 0.000000 0.997333 1.000000 1.000000 1.000000
1811.209595 0.000000 1813.430420 0.000000 0.062708 0.000000 0.998032 1.000000 1.000000 1.000000
1804.336304 0.000000 1785.994751 0.000000 0.180468 0.000000 0.983581 0.934098 0.934098 0.934098
1810.176025 0.000000 1804.036743 0.000000 0.306819 0.000000 0.951768 0.987428 0.987428 0.987428
1806.724854 0.000000 1793.219727 0.000000 0.112954 0.000000 0.993600 0.665215 0.665215 0.665215
1871.406128 0.000000 1759.948975 0.000000 0.130942 0.000000 0.991390 0.766408 0.766408 0.766408
1879.008789 0.000000 1759.667847 0.000000 0.093666 0.000000 0.995604 0.738196 0.738196 0.738196
2111.769287 0.000000 1814.027100 0.000000 0.196616 0.000000 0.980480 1.000000 1.000000 1.000000
"}
object={
	name="rock_crystal_generator_1_1"
	clamp_to_water_level=no
	render_under_water=no
	generated_content=yes
	layer="tree_high_layer"
	pdxmesh="tree_crystal_2_mesh"
	count=100
	transform="1775.647339 0.000000 1740.849976 0.000000 0.992137 0.000000 -0.125160 1.016604 1.016604 1.016604
1772.178589 0.000000 1738.622192 0.000000 0.985931 0.000000 0.167154 1.000000 1.000000 1.000000
1777.333008 0.000000 1731.107910 0.000000 0.752885 0.000000 0.658153 0.942610 0.942610 0.942610
1775.478882 0.000000 1736.677246 0.000000 0.802222 0.000000 0.597026 0.674158 0.674158 0.674158
1774.449829 0.000000 1739.654785 0.000000 0.931885 0.000000 0.362753 0.887861 0.887861 0.887861
1817.111816 0.000000 1670.587891 0.000000 0.942534 0.000000 0.334111 1.000000 1.000000 1.000000
1817.195801 0.000000 1677.534668 0.000000 0.918539 0.000000 0.395331 1.000000 1.000000 1.000000
1831.255005 0.000000 1675.246338 0.000000 0.999664 0.000000 0.025920 1.000000 1.000000 1.000000
1836.036377 0.000000 1663.299072 0.000000 0.876652 0.000000 0.481124 1.000000 1.000000 1.000000
1850.460449 0.000000 1664.399414 0.000000 0.842922 0.000000 0.538035 1.000000 1.000000 1.000000
1823.314209 0.000000 1666.238770 0.000000 0.763441 0.000000 0.645877 1.000000 1.000000 1.000000
1854.403198 0.000000 1666.547729 0.000000 0.997510 0.000000 0.070531 0.998414 0.998414 0.998414
1839.198486 0.000000 1663.699707 0.000000 0.999007 0.000000 -0.044545 1.000556 1.000556 1.000556
1819.041260 0.000000 1673.260254 0.000000 0.997570 0.000000 0.069667 1.000000 1.000000 1.000000
1831.221069 0.000000 1677.934814 0.000000 0.871789 0.000000 0.489882 1.000000 1.000000 1.000000
1855.587646 0.000000 1656.248413 0.000000 0.972655 0.000000 0.232253 0.985956 0.985956 0.985956
1814.250366 0.000000 1675.048462 0.000000 0.999326 0.000000 0.036699 0.998992 0.998992 0.998992
1848.127319 0.000000 1665.425537 0.000000 0.972639 0.000000 -0.232322 1.035707 1.035707 1.035707
1817.629395 0.000000 1673.904175 0.000000 0.997976 0.000000 0.063587 0.989516 0.989516 0.989516
1900.026245 0.000000 1674.882080 0.000000 0.929181 0.000000 0.369624 1.000000 1.000000 1.000000
1859.960083 0.000000 1644.806641 0.000000 0.763711 0.000000 0.645558 1.000000 1.000000 1.000000
1881.939575 0.000000 1650.408569 0.000000 0.995491 0.000000 0.094856 1.000000 1.000000 1.000000
1872.367188 0.000000 1654.532715 0.000000 0.926610 0.000000 0.376023 1.000000 1.000000 1.000000
1887.270752 0.000000 1659.601318 0.000000 0.814833 0.000000 0.579695 1.000000 1.000000 1.000000
1895.719238 0.000000 1668.883545 0.000000 0.972184 0.000000 -0.234219 1.033643 1.033643 1.033643
1889.616089 0.000000 1660.816528 0.000000 0.954482 0.000000 0.298269 0.947069 0.947069 0.947069
1894.625610 0.000000 1672.712036 0.000000 0.971082 0.000000 -0.238746 1.057778 1.057778 1.057778
1888.489624 0.000000 1663.783569 0.000000 0.993453 0.000000 0.114238 0.979992 0.979992 0.979992
1893.091919 0.000000 1672.168335 0.000000 0.823295 0.000000 0.567614 0.724232 0.724232 0.724232
1861.049316 0.000000 1644.014160 0.000000 0.998988 0.000000 0.044970 0.989443 0.989443 0.989443
1893.633545 0.000000 1673.151123 0.000000 0.803244 0.000000 0.595650 0.708484 0.708484 0.708484
1844.895020 0.000000 1739.172729 0.000000 0.999866 0.000000 -0.016356 1.000000 1.000000 1.000000
1822.371582 0.000000 1736.009644 0.000000 0.951945 0.000000 0.306269 1.000000 1.000000 1.000000
1814.625488 0.000000 1711.592896 0.000000 0.999793 0.000000 -0.020327 1.000000 1.000000 1.000000
1824.345703 0.000000 1693.897339 0.000000 0.974307 0.000000 0.225223 1.000000 1.000000 1.000000
1832.392090 0.000000 1692.339355 0.000000 0.898138 0.000000 0.439714 1.000000 1.000000 1.000000
1814.361206 0.000000 1737.883789 0.000000 0.982453 0.000000 0.186513 1.000000 1.000000 1.000000
1813.547729 0.000000 1680.228149 0.000000 0.831961 0.000000 0.554834 0.983848 0.983848 0.983848
1835.344849 0.000000 1686.579346 0.000000 0.936084 0.000000 0.351777 1.000000 1.000000 1.000000
1822.848877 0.000000 1687.351685 0.000000 0.889734 0.000000 0.456480 1.000000 1.000000 1.000000
1805.369995 0.000000 1719.837280 0.000000 0.987480 0.000000 -0.157746 1.000000 1.000000 1.000000
1819.462891 0.000000 1740.568970 0.000000 0.988062 0.000000 0.154055 1.000000 1.000000 1.000000
1826.611206 0.000000 1738.303345 0.000000 0.985752 0.000000 0.168205 1.000000 1.000000 1.000000
1829.779175 0.000000 1681.731567 0.000000 0.965597 0.000000 0.260044 0.985551 0.985551 0.985551
1838.786255 0.000000 1701.860718 0.000000 0.996127 0.000000 0.087930 0.981976 0.981976 0.981976
1801.473755 0.000000 1683.355957 0.000000 0.996331 0.000000 0.085585 1.000000 1.000000 1.000000
1814.416260 0.000000 1683.044800 0.000000 0.941334 0.000000 0.337475 0.969062 0.969062 0.969062
1827.287109 0.000000 1682.862549 0.000000 0.980522 0.000000 0.196411 0.976803 0.976803 0.976803
1814.034424 0.000000 1709.097656 0.000000 0.965571 0.000000 0.260140 0.995401 0.995401 0.995401
1820.248291 0.000000 1734.752319 0.000000 0.829270 0.000000 0.558849 0.988156 0.988156 0.988156
1847.438599 0.000000 1713.636108 0.000000 0.992842 0.000000 0.119437 0.998506 0.998506 0.998506
1850.359497 0.000000 1741.946167 0.000000 0.998057 0.000000 0.062309 0.991127 0.991127 0.991127
1848.727295 0.000000 1689.398682 0.000000 0.996062 0.000000 -0.088663 1.003768 1.003768 1.003768
1845.601807 0.000000 1750.271484 0.000000 0.995276 0.000000 -0.097084 1.022819 1.022819 1.022819
1821.796021 0.000000 1741.227417 0.000000 0.970163 0.000000 -0.242454 1.014673 1.014673 1.014673
1838.431274 0.000000 1700.264160 0.000000 0.767054 0.000000 0.641582 0.857403 0.857403 0.857403
1848.667725 0.000000 1738.581177 0.000000 0.988128 0.000000 0.153635 0.921443 0.921443 0.921443
1845.506470 0.000000 1751.727783 0.000000 0.991304 0.000000 -0.131593 1.030971 1.030971 1.030971
1847.382324 0.000000 1740.002686 0.000000 0.813888 0.000000 0.581022 0.760088 0.760088 0.760088
1848.771851 0.000000 1739.774170 0.000000 0.803273 0.000000 0.595611 0.675056 0.675056 0.675056
1876.739502 0.000000 1753.483276 0.000000 0.941398 0.000000 0.337297 0.955336 0.955336 0.955336
1869.249634 0.000000 1713.931396 0.000000 0.771160 0.000000 0.636641 0.958649 0.958649 0.958649
1856.142456 0.000000 1700.536987 0.000000 0.989434 0.000000 -0.144986 1.000000 1.000000 1.000000
1856.371582 0.000000 1738.261230 0.000000 0.815891 0.000000 0.578206 0.975373 0.975373 0.975373
1897.119141 0.000000 1681.325317 0.000000 0.986205 0.000000 0.165527 1.000000 1.000000 1.000000
1902.261108 0.000000 1726.221313 0.000000 0.983231 0.000000 0.182367 1.000000 1.000000 1.000000
1873.250366 0.000000 1679.709717 0.000000 0.938487 0.000000 0.345315 0.995599 0.995599 0.995599
1882.051147 0.000000 1735.574707 0.000000 0.998327 0.000000 -0.057822 1.000000 1.000000 1.000000
1895.267700 0.000000 1688.324463 0.000000 0.814448 0.000000 0.580236 1.000000 1.000000 1.000000
1896.272949 0.000000 1684.718750 0.000000 0.971097 0.000000 0.238683 1.000000 1.000000 1.000000
1899.495117 0.000000 1732.622192 0.000000 0.994789 0.000000 0.101958 1.000000 1.000000 1.000000
1890.423584 0.000000 1698.043945 0.000000 0.999861 0.000000 -0.016676 1.001957 1.001957 1.001957
1889.601074 0.000000 1752.326538 0.000000 0.998039 0.000000 0.062591 0.992338 0.992338 0.992338
1907.030396 0.000000 1704.646973 0.000000 0.840417 0.000000 0.541941 0.932795 0.932795 0.932795
1864.742920 0.000000 1707.153442 0.000000 0.829376 0.000000 0.558691 0.986680 0.986680 0.986680
1887.065674 0.000000 1752.315918 0.000000 0.997600 0.000000 0.069244 0.982872 0.982872 0.982872
1888.236328 0.000000 1754.553711 0.000000 0.814380 0.000000 0.580333 1.000000 1.000000 1.000000
1876.027710 0.000000 1755.766724 0.000000 0.881994 0.000000 0.471261 0.750078 0.750078 0.750078
1858.036743 0.000000 1710.829590 0.000000 0.976756 0.000000 0.214355 0.982741 0.982741 0.982741
1867.231079 0.000000 1714.265259 0.000000 0.975748 0.000000 0.218895 0.990634 0.990634 0.990634
1891.296997 0.000000 1733.339722 0.000000 0.861047 0.000000 0.508526 0.969368 0.969368 0.969368
1900.287231 0.000000 1730.817871 0.000000 0.760773 0.000000 0.649018 0.950628 0.950628 0.950628
1905.392090 0.000000 1705.905762 0.000000 0.852968 0.000000 0.521963 0.964355 0.964355 0.964355
1886.391357 0.000000 1750.268799 0.000000 0.983545 0.000000 -0.180664 1.092520 1.092520 1.092520
1874.072510 0.000000 1684.029053 0.000000 0.974082 0.000000 -0.226196 1.031330 1.031330 1.031330
1888.283813 0.000000 1751.144653 0.000000 0.962538 0.000000 -0.271146 1.025364 1.025364 1.025364
1876.920654 0.000000 1754.833252 0.000000 0.990771 0.000000 0.135547 0.930753 0.930753 0.930753
1877.418945 0.000000 1755.894409 0.000000 0.935870 0.000000 0.352345 0.816615 0.816615 0.816615
1877.683838 0.000000 1754.060059 0.000000 0.872460 0.000000 0.488685 0.739963 0.739963 0.739963
1885.338989 0.000000 1750.024292 0.000000 0.966223 0.000000 -0.257706 1.115828 1.115828 1.115828
1839.740723 0.000000 1784.809814 0.000000 0.960546 0.000000 0.278121 0.997889 0.997889 0.997889
1827.577881 0.000000 1770.115601 0.000000 0.979615 0.000000 0.200884 0.994950 0.994950 0.994950
1841.683472 0.000000 1780.421265 0.000000 0.871735 0.000000 0.489977 1.000000 1.000000 1.000000
1802.562134 0.000000 1816.374634 0.000000 0.984451 0.000000 -0.175660 1.000000 1.000000 1.000000
1801.473755 0.000000 1763.340332 0.000000 0.981642 0.000000 -0.190732 1.000000 1.000000 1.000000
1810.082886 0.000000 1834.284302 0.000000 0.935545 0.000000 0.353207 1.000000 1.000000 1.000000
1829.746826 0.000000 1771.852295 0.000000 0.938548 0.000000 0.345150 0.995601 0.995601 0.995601
1825.265381 0.000000 1771.535645 0.000000 0.926127 0.000000 0.377211 0.982619 0.982619 0.982619
1878.314453 0.000000 1805.196533 0.000000 0.913829 0.000000 0.406100 0.993736 0.993736 0.993736
1873.250366 0.000000 1759.694092 0.000000 0.998689 0.000000 0.051190 0.998210 0.998210 0.998210
"}
object={
	name="rock_crystal_generator_1_2"
	clamp_to_water_level=no
	render_under_water=no
	generated_content=yes
	layer="tree_high_layer"
	pdxmesh="tree_crystal_3_mesh"
	count=77
	transform="1784.827393 0.000000 1687.061768 0.000000 0.736413 0.000000 -0.676532 1.001855 1.001855 1.001855
1777.420898 0.000000 1737.685913 0.000000 0.894494 0.000000 -0.447079 1.000000 1.000000 1.000000
1774.772339 0.000000 1738.147339 0.000000 0.843435 0.000000 -0.537231 1.171326 1.171326 1.171326
1829.646240 0.000000 1636.385986 0.000000 0.914950 0.000000 -0.403567 1.000000 1.000000 1.000000
1792.392456 0.000000 1664.574341 0.000000 0.856635 0.000000 -0.515923 1.000000 1.000000 1.000000
1819.660889 0.000000 1666.013550 0.000000 0.670825 0.000000 -0.741615 1.000000 1.000000 1.000000
1852.310059 0.000000 1660.490479 0.000000 0.735286 0.000000 -0.677758 1.000000 1.000000 1.000000
1839.639526 0.000000 1660.865601 0.000000 0.644182 0.000000 -0.764872 1.000000 1.000000 1.000000
1836.170776 0.000000 1658.637817 0.000000 0.892586 0.000000 -0.450877 1.000000 1.000000 1.000000
1821.418457 0.000000 1668.291626 0.000000 0.946834 0.000000 -0.321723 1.004906 1.004906 1.004906
1818.814697 0.000000 1668.502930 0.000000 0.735641 0.000000 -0.677371 1.000000 1.000000 1.000000
1849.606323 0.000000 1665.682129 0.000000 0.535539 0.000000 -0.844510 1.153150 1.153150 1.153150
1855.172119 0.000000 1659.231323 0.000000 0.765729 0.000000 -0.643163 1.149996 1.149996 1.149996
1869.020752 0.000000 1657.161011 0.000000 0.944275 0.000000 -0.329157 1.056941 1.056941 1.056941
1895.344360 0.000000 1670.695190 0.000000 0.546565 0.000000 -0.837417 1.344431 1.344431 1.344431
1895.957520 0.000000 1673.731812 0.000000 0.926778 0.000000 -0.375609 1.092285 1.092285 1.092285
1861.222778 0.000000 1645.428223 0.000000 0.649055 0.000000 -0.760742 1.202866 1.202866 1.202866
1894.429810 0.000000 1671.448242 0.000000 0.942586 0.000000 -0.333964 1.118162 1.118162 1.118162
1895.512329 0.000000 1671.840210 0.000000 0.931956 0.000000 -0.362570 1.128753 1.128753 1.128753
1829.136108 0.000000 1734.214844 0.000000 0.709197 0.000000 -0.705010 1.000000 1.000000 1.000000
1846.984009 0.000000 1733.054932 0.000000 0.670914 0.000000 -0.741535 1.000000 1.000000 1.000000
1845.611084 0.000000 1708.555786 0.000000 0.732396 0.000000 -0.680879 1.000000 1.000000 1.000000
1817.111816 0.000000 1750.572266 0.000000 0.647251 0.000000 -0.762277 1.000000 1.000000 1.000000
1825.359009 0.000000 1681.216187 0.000000 0.851909 0.000000 -0.523690 1.000000 1.000000 1.000000
1843.145264 0.000000 1749.505249 0.000000 0.952757 0.000000 -0.303733 1.050850 1.050850 1.050850
1818.058960 0.000000 1735.574707 0.000000 0.883558 0.000000 -0.468322 1.001217 1.001217 1.001217
1848.328613 0.000000 1740.840332 0.000000 0.878979 0.000000 -0.476860 1.033507 1.033507 1.033507
1808.031006 0.000000 1687.840210 0.000000 0.623516 0.000000 -0.781811 1.004482 1.004482 1.004482
1825.390625 0.000000 1733.898926 0.000000 0.883221 0.000000 -0.468957 1.000000 1.000000 1.000000
1846.586792 0.000000 1752.850464 0.000000 0.580165 0.000000 -0.814499 1.204369 1.204369 1.204369
1825.160645 0.000000 1684.883789 0.000000 0.812168 0.000000 -0.583424 1.000000 1.000000 1.000000
1826.690186 0.000000 1731.251221 0.000000 0.579077 0.000000 -0.815273 1.000000 1.000000 1.000000
1840.786499 0.000000 1749.205933 0.000000 0.887241 0.000000 -0.461307 1.064639 1.064639 1.064639
1825.265381 0.000000 1691.551270 0.000000 0.904731 0.000000 -0.425984 1.010986 1.010986 1.010986
1831.527832 0.000000 1679.732788 0.000000 0.681032 0.000000 -0.732254 1.032820 1.032820 1.032820
1841.906860 0.000000 1751.392822 0.000000 0.849324 0.000000 -0.527872 1.045814 1.045814 1.045814
1838.052490 0.000000 1695.775635 0.000000 0.813064 0.000000 -0.582175 1.093081 1.093081 1.093081
1853.715332 0.000000 1688.081543 0.000000 0.793938 0.000000 -0.607999 1.164791 1.164791 1.164791
1846.146240 0.000000 1739.416138 0.000000 0.900110 0.000000 -0.435664 1.153052 1.153052 1.153052
1847.298096 0.000000 1741.329712 0.000000 0.844178 0.000000 -0.536062 1.218932 1.218932 1.218932
1892.803833 0.000000 1684.988159 0.000000 0.943133 0.000000 -0.332416 1.000000 1.000000 1.000000
1863.263184 0.000000 1745.923218 0.000000 0.959731 0.000000 -0.280921 1.000000 1.000000 1.000000
1899.337036 0.000000 1686.579346 0.000000 0.596877 0.000000 -0.802333 1.000000 1.000000 1.000000
1860.465942 0.000000 1750.325195 0.000000 0.880554 0.000000 -0.473946 1.000000 1.000000 1.000000
1897.445801 0.000000 1735.475952 0.000000 0.738825 0.000000 -0.673897 1.000000 1.000000 1.000000
1858.303833 0.000000 1708.782471 0.000000 0.850278 0.000000 -0.526333 1.107936 1.107936 1.107936
1866.094116 0.000000 1715.903076 0.000000 0.574647 0.000000 -0.818402 1.040685 1.040685 1.040685
1877.751343 0.000000 1757.080811 0.000000 0.720412 0.000000 -0.693547 1.030614 1.030614 1.030614
1870.498779 0.000000 1754.335693 0.000000 0.628524 0.000000 -0.777790 1.153510 1.153510 1.153510
1895.794922 0.000000 1709.153809 0.000000 0.947258 0.000000 -0.320472 1.000000 1.000000 1.000000
1899.709351 0.000000 1736.183228 0.000000 0.872999 0.000000 -0.487723 1.025439 1.025439 1.025439
1872.220093 0.000000 1755.978638 0.000000 0.686810 0.000000 -0.726837 1.290498 1.290498 1.290498
1901.252075 0.000000 1724.111572 0.000000 0.740983 0.000000 -0.671524 1.020219 1.020219 1.020219
1907.597534 0.000000 1702.486694 0.000000 0.741231 0.000000 -0.671250 1.132278 1.132278 1.132278
1871.821167 0.000000 1758.043213 0.000000 0.752541 0.000000 -0.658545 1.116657 1.116657 1.116657
1875.170776 0.000000 1680.413208 0.000000 0.680717 0.000000 -0.732547 1.071831 1.071831 1.071831
1887.501709 0.000000 1734.470825 0.000000 0.749946 0.000000 -0.661499 1.146168 1.146168 1.146168
1899.156250 0.000000 1734.442383 0.000000 0.901542 0.000000 -0.432691 1.150815 1.150815 1.150815
1887.080444 0.000000 1748.035400 0.000000 0.776455 0.000000 -0.630172 1.098721 1.098721 1.098721
1884.393799 0.000000 1749.476196 0.000000 0.851773 0.000000 -0.523911 1.107382 1.107382 1.107382
1870.640869 0.000000 1755.815063 0.000000 0.708573 0.000000 -0.705638 1.134937 1.134937 1.134937
1872.854004 0.000000 1754.880249 0.000000 0.929635 0.000000 -0.368482 1.134726 1.134726 1.134726
1794.723755 0.000000 1760.866089 0.000000 0.698642 0.000000 -0.715471 1.000000 1.000000 1.000000
1811.221558 0.000000 1810.184570 0.000000 0.718232 0.000000 -0.695804 1.000000 1.000000 1.000000
1805.257446 0.000000 1793.915771 0.000000 0.816998 0.000000 -0.576641 1.000000 1.000000 1.000000
1806.854004 0.000000 1784.572266 0.000000 0.818030 0.000000 -0.575176 1.119335 1.119335 1.119335
1833.254395 0.000000 1787.190308 0.000000 0.880592 0.000000 -0.473875 1.000000 1.000000 1.000000
1827.446655 0.000000 1805.320557 0.000000 0.937341 0.000000 -0.348414 1.000000 1.000000 1.000000
1835.331909 0.000000 1793.692871 0.000000 0.934745 0.000000 -0.355320 1.000000 1.000000 1.000000
1831.275513 0.000000 1768.308838 0.000000 0.926579 0.000000 -0.376101 1.001925 1.001925 1.001925
1836.271729 0.000000 1785.441040 0.000000 0.807614 0.000000 -0.589712 1.064558 1.064558 1.064558
1833.683594 0.000000 1769.810303 0.000000 0.587787 0.000000 -0.809016 1.000000 1.000000 1.000000
1808.227905 0.000000 1835.963013 0.000000 0.958834 0.000000 -0.283966 1.000719 1.000719 1.000719
1807.047729 0.000000 1791.762695 0.000000 0.725616 0.000000 -0.688100 1.121251 1.121251 1.121251
1807.529175 0.000000 1786.412109 0.000000 0.893168 0.000000 -0.449723 1.068707 1.068707 1.068707
1891.941040 0.000000 1801.408569 0.000000 0.628332 0.000000 -0.777945 1.000000 1.000000 1.000000
1858.915894 0.000000 1811.553101 0.000000 0.533118 0.000000 -0.846041 1.002518 1.002518 1.002518
"}
object={
	name="rock_crystal_generator_1_3"
	clamp_to_water_level=no
	render_under_water=no
	generated_content=yes
	layer="tree_high_layer"
	pdxmesh="tree_crystal_4_mesh"
	count=52
	transform="1776.702881 0.000000 1735.557373 0.000000 0.144952 0.000000 -0.989439 1.000000 1.000000 1.000000
1846.100464 0.000000 1665.438232 0.000000 0.019703 0.000000 -0.999806 1.000000 1.000000 1.000000
1824.017090 0.000000 1669.510254 0.000000 0.191173 0.000000 -0.981556 1.000000 1.000000 1.000000
1819.727661 0.000000 1640.268921 0.000000 0.292760 0.000000 -0.956186 1.000000 1.000000 1.000000
1853.775757 0.000000 1663.565918 0.000000 0.237036 0.000000 -0.971501 1.026593 1.026593 1.026593
1844.802124 0.000000 1646.209839 0.000000 0.309137 0.000000 -0.951017 1.000000 1.000000 1.000000
1838.764526 0.000000 1658.162964 0.000000 0.314527 0.000000 -0.949248 1.084315 1.084315 1.084315
1816.994141 0.000000 1672.452026 0.000000 0.438570 0.000000 -0.898697 1.184016 1.184016 1.184016
1819.074829 0.000000 1670.391235 0.000000 0.066467 0.000000 -0.997789 1.142709 1.142709 1.142709
1817.309692 0.000000 1675.499023 0.000000 0.149275 0.000000 -0.988796 1.248325 1.248325 1.248325
1893.455566 0.000000 1670.809082 0.000000 0.385367 0.000000 -0.922763 1.164299 1.164299 1.164299
1870.211060 0.000000 1659.173584 0.000000 0.160732 0.000000 -0.986998 1.000000 1.000000 1.000000
1892.625977 0.000000 1673.503784 0.000000 0.364067 0.000000 -0.931373 1.547404 1.547404 1.547404
1901.095947 0.000000 1672.373535 0.000000 0.092741 0.000000 -0.995690 1.077484 1.077484 1.077484
1888.723877 0.000000 1658.337769 0.000000 0.380698 0.000000 -0.924699 1.064824 1.064824 1.064824
1886.960449 0.000000 1664.597778 0.000000 0.392537 0.000000 -0.919736 1.148639 1.148639 1.148639
1894.240845 0.000000 1669.453613 0.000000 0.197341 0.000000 -0.980335 1.195262 1.195262 1.195262
1868.000854 0.000000 1656.020630 0.000000 0.174832 0.000000 -0.984598 1.236833 1.236833 1.236833
1826.495605 0.000000 1743.343384 0.000000 0.309276 0.000000 -0.950972 1.000000 1.000000 1.000000
1819.527344 0.000000 1708.193848 0.000000 0.299622 0.000000 -0.954058 1.000000 1.000000 1.000000
1812.106689 0.000000 1706.535889 0.000000 0.388246 0.000000 -0.921556 1.000000 1.000000 1.000000
1817.195801 0.000000 1757.519043 0.000000 0.011141 0.000000 -0.999938 1.000000 1.000000 1.000000
1823.278564 0.000000 1739.585693 0.000000 0.266755 0.000000 -0.963764 1.000000 1.000000 1.000000
1823.026733 0.000000 1690.710083 0.000000 0.481290 0.000000 -0.876561 1.000000 1.000000 1.000000
1811.011963 0.000000 1682.535034 0.000000 0.325518 0.000000 -0.945536 1.000000 1.000000 1.000000
1825.802856 0.000000 1687.727539 0.000000 0.373819 0.000000 -0.927502 1.017791 1.017791 1.017791
1814.250366 0.000000 1755.032837 0.000000 0.161427 0.000000 -0.986885 1.042202 1.042202 1.042202
1853.027100 0.000000 1689.284790 0.000000 0.332252 0.000000 -0.943191 1.310677 1.310677 1.310677
1853.841309 0.000000 1739.733276 0.000000 0.452811 0.000000 -0.891607 1.184143 1.184143 1.184143
1852.569458 0.000000 1738.834473 0.000000 0.340935 0.000000 -0.940087 1.204551 1.204551 1.204551
1843.039185 0.000000 1750.913940 0.000000 0.098352 0.000000 -0.995152 1.749829 1.749829 1.749829
1909.731201 0.000000 1703.113647 0.000000 0.284819 0.000000 -0.958581 1.000000 1.000000 1.000000
1869.957275 0.000000 1748.166016 0.000000 0.340211 0.000000 -0.940349 1.000000 1.000000 1.000000
1872.376343 0.000000 1752.089111 0.000000 0.086313 0.000000 -0.996268 1.000000 1.000000 1.000000
1867.576538 0.000000 1744.721924 0.000000 0.140484 0.000000 -0.990083 1.000000 1.000000 1.000000
1884.778564 0.000000 1751.053833 0.000000 0.176770 0.000000 -0.984252 1.619070 1.619070 1.619070
1875.004150 0.000000 1682.535034 0.000000 0.497012 0.000000 -0.867744 1.162625 1.162625 1.162625
1874.075073 0.000000 1754.299927 0.000000 0.369122 0.000000 -0.929381 1.160797 1.160797 1.160797
1860.169434 0.000000 1710.657227 0.000000 0.378433 0.000000 -0.925629 1.000000 1.000000 1.000000
1903.801880 0.000000 1728.391724 0.000000 0.236745 0.000000 -0.971572 1.000000 1.000000 1.000000
1879.359009 0.000000 1758.822388 0.000000 0.438434 0.000000 -0.898763 1.197983 1.197983 1.197983
1878.242554 0.000000 1755.032837 0.000000 0.027711 0.000000 -0.999616 1.369828 1.369828 1.369828
1868.030640 0.000000 1694.470581 0.000000 0.423358 0.000000 -0.905963 1.266039 1.266039 1.266039
1891.429077 0.000000 1745.618042 0.000000 0.126766 0.000000 -0.991933 1.234275 1.234275 1.234275
1791.984985 0.000000 1791.609131 0.000000 0.222506 0.000000 -0.974931 1.000000 1.000000 1.000000
1808.644287 0.000000 1790.340088 0.000000 0.284492 0.000000 -0.958678 1.000000 1.000000 1.000000
1798.489258 0.000000 1762.275146 0.000000 0.439281 0.000000 -0.898350 1.000000 1.000000 1.000000
1806.407593 0.000000 1788.025635 0.000000 0.248395 0.000000 -0.968659 1.257001 1.257001 1.257001
1805.211548 0.000000 1790.820557 0.000000 0.157050 0.000000 -0.987591 1.000000 1.000000 1.000000
1827.027466 0.000000 1773.060425 0.000000 0.386442 0.000000 -0.922314 1.011724 1.011724 1.011724
1806.793701 0.000000 1790.013916 0.000000 0.366956 0.000000 -0.930238 1.190946 1.190946 1.190946
1859.359741 0.000000 1808.488647 0.000000 0.270973 0.000000 -0.962587 1.000000 1.000000 1.000000
"}
