object={
	name="tree_swamp_01_generator_1_0"
	render_pass=Map
	clamp_to_water_level=no
	generated_content=yes
	layer="tree_high_layer"
	pdxmesh="tree_swamp_01_a_mesh"
	count=52
	transform="4039.920654 0.000000 1388.597412 0.000000 0.064024 0.000000 0.997948 0.291389 0.291389 0.291389
4379.616699 0.000000 1977.793945 0.000000 0.002645 0.000000 0.999996 0.332524 0.332524 0.332524
4638.605957 0.000000 1842.724243 0.000000 0.017966 0.000000 0.999839 0.294137 0.294137 0.294137
4597.993164 0.000000 1870.740234 0.000000 0.048438 0.000000 0.998826 0.311703 0.311703 0.311703
4622.683594 0.000000 1840.825317 0.000000 0.036651 0.000000 0.999328 0.309856 0.309856 0.309856
4409.607910 0.000000 1995.652710 0.000000 0.159009 0.000000 0.987277 0.429869 0.429869 0.429869
4440.138672 0.000000 2015.442749 0.000000 0.153166 0.000000 0.988200 0.302894 0.302894 0.302894
4420.631348 0.000000 2026.436890 0.000000 0.117186 0.000000 0.993110 0.204764 0.204764 0.204764
4412.214844 0.000000 1993.299438 0.000000 0.111783 0.000000 0.993733 0.215490 0.215490 0.215490
4579.926758 0.000000 1939.456787 0.000000 0.100886 0.000000 0.994898 0.485421 0.485421 0.485421
4612.288086 0.000000 1903.325684 0.000000 0.036115 0.000000 0.999348 0.429886 0.429886 0.429886
4597.993164 0.000000 1956.724609 0.000000 0.192054 0.000000 0.981384 0.281406 0.281406 0.281406
4610.994629 0.000000 1907.854736 0.000000 0.170092 0.000000 0.985428 0.259753 0.259753 0.259753
4600.620605 0.000000 1951.605103 0.000000 0.018214 0.000000 0.999834 0.379452 0.379452 0.379452
4631.840820 0.000000 1905.308716 0.000000 0.171157 0.000000 0.985244 0.359852 0.359852 0.359852
4581.995605 0.000000 1987.104614 0.000000 0.006972 0.000000 0.999976 0.363186 0.363186 0.363186
4823.410645 0.000000 1716.789673 0.000000 0.009601 0.000000 0.999954 0.290615 0.290615 0.290615
4872.621094 0.000000 1685.979980 0.000000 0.120353 0.000000 0.992731 0.448449 0.448449 0.448449
4799.755371 0.000000 1719.965454 0.000000 0.120577 0.000000 0.992704 0.466382 0.466382 0.466382
4804.874512 0.000000 1733.925049 0.000000 0.189728 0.000000 0.981837 0.491263 0.491263 0.491263
4796.822266 0.000000 1755.656738 0.000000 0.176068 0.000000 0.984378 0.308857 0.308857 0.308857
4888.668457 0.000000 1741.955444 0.000000 0.142971 0.000000 0.989727 0.504923 0.504923 0.504923
4671.641602 0.000000 1940.903442 0.000000 0.189982 0.000000 0.981788 0.267734 0.267734 0.267734
4664.738281 0.000000 1941.455566 0.000000 0.108651 0.000000 0.994080 0.361306 0.361306 0.361306
4704.577148 0.000000 1945.717529 0.000000 0.005927 0.000000 0.999982 0.332979 0.332979 0.332979
4712.354492 0.000000 1926.133301 0.000000 0.055515 0.000000 0.998458 0.500066 0.500066 0.500066
4665.822754 0.000000 2001.573975 0.000000 0.059716 0.000000 0.998215 0.361192 0.361192 0.361192
4704.201172 0.000000 1990.176025 0.000000 0.079343 0.000000 0.996847 0.412797 0.412797 0.412797
4645.741211 0.000000 2017.895752 0.000000 0.035771 0.000000 0.999360 0.404566 0.404566 0.404566
4690.248535 0.000000 2016.534790 0.000000 0.012654 0.000000 0.999920 0.312517 0.312517 0.312517
4699.174805 0.000000 2026.534180 0.000000 0.193479 0.000000 0.981104 0.207998 0.207998 0.207998
4726.444336 0.000000 2013.001343 0.000000 0.019128 0.000000 0.999817 0.420034 0.420034 0.420034
4720.548340 0.000000 2000.876465 0.000000 0.186104 0.000000 0.982530 0.352418 0.352418 0.352418
4713.943848 0.000000 1990.239990 0.000000 0.026752 0.000000 0.999642 0.323147 0.323147 0.323147
4723.582520 0.000000 2060.577148 0.000000 0.068567 0.000000 0.997647 0.362300 0.362300 0.362300
4786.088379 0.000000 1912.351440 0.000000 0.011801 0.000000 0.999930 0.466514 0.466514 0.466514
4801.674805 0.000000 2002.820435 0.000000 0.087616 0.000000 0.996154 0.488908 0.488908 0.488908
4780.425781 0.000000 2055.058350 0.000000 0.081139 0.000000 0.996703 0.341377 0.341377 0.341377
4829.847168 0.000000 1993.342163 0.000000 0.164576 0.000000 0.986364 0.414911 0.414911 0.414911
4788.104492 0.000000 2031.642944 0.000000 0.065722 0.000000 0.997838 0.161488 0.161488 0.161488
4824.992676 0.000000 2001.920654 0.000000 0.019863 0.000000 0.999803 0.341300 0.341300 0.341300
4815.016602 0.000000 1994.072266 0.000000 0.042850 0.000000 0.999082 0.405237 0.405237 0.405237
4827.552734 0.000000 1993.837891 0.000000 0.104359 0.000000 0.994540 0.312430 0.312430 0.312430
4803.102539 0.000000 2009.199341 0.000000 0.125790 0.000000 0.992057 0.375436 0.375436 0.375436
4857.852539 0.000000 2011.633667 0.000000 0.129744 0.000000 0.991548 0.350201 0.350201 0.350201
4432.352539 0.000000 2115.591309 0.000000 0.091114 0.000000 0.995840 0.255421 0.255421 0.255421
4431.937012 0.000000 2113.167725 0.000000 0.088539 0.000000 0.996073 0.460454 0.460454 0.460454
4404.690430 0.000000 2097.391113 0.000000 0.191365 0.000000 0.981519 0.362646 0.362646 0.362646
4433.676270 0.000000 2114.751709 0.000000 0.101520 0.000000 0.994833 0.257502 0.257502 0.257502
4468.475586 0.000000 2098.985840 0.000000 0.185417 0.000000 0.982660 0.517687 0.517687 0.517687
4465.121094 0.000000 2106.001465 0.000000 0.158322 0.000000 0.987388 0.278603 0.278603 0.278603
4836.922363 0.000000 2075.625977 0.000000 0.036603 0.000000 0.999330 0.261397 0.261397 0.261397
"}
object={
	name="tree_swamp_01_generator_1_1"
	render_pass=Map
	clamp_to_water_level=no
	generated_content=yes
	layer="tree_high_layer"
	pdxmesh="tree_swamp_01_b_mesh"
	count=42
	transform="3997.158936 0.000000 1310.962891 0.000000 0.316543 0.000000 0.948578 0.462555 0.462555 0.462555
3993.544678 0.000000 1315.784912 0.000000 0.287500 0.000000 0.957781 0.291803 0.291803 0.291803
3974.310303 0.000000 1315.117554 0.000000 0.282825 0.000000 0.959172 0.301397 0.301397 0.301397
4012.238770 0.000000 1362.465942 0.000000 0.290979 0.000000 0.956729 0.469433 0.469433 0.469433
4027.634521 0.000000 1340.610840 0.000000 0.301700 0.000000 0.953403 0.374660 0.374660 0.374660
4381.842773 0.000000 1975.907593 0.000000 0.274216 0.000000 0.961668 0.328069 0.328069 0.328069
4368.653809 0.000000 1993.814453 0.000000 0.260771 0.000000 0.965401 0.433350 0.433350 0.433350
4631.327148 0.000000 1843.366577 0.000000 0.316983 0.000000 0.948431 0.527718 0.527718 0.527718
4510.549805 0.000000 1896.104126 0.000000 0.310550 0.000000 0.950557 0.481069 0.481069 0.481069
4390.532227 0.000000 1988.457397 0.000000 0.202949 0.000000 0.979189 0.518104 0.518104 0.518104
4400.786621 0.000000 1996.842407 0.000000 0.210620 0.000000 0.977568 0.426878 0.426878 0.426878
4580.827148 0.000000 1945.158447 0.000000 0.238538 0.000000 0.971133 0.363734 0.363734 0.363734
4638.357910 0.000000 1899.366455 0.000000 0.285438 0.000000 0.958397 0.405729 0.405729 0.405729
4610.663086 0.000000 2003.339722 0.000000 0.227149 0.000000 0.973860 0.367620 0.367620 0.367620
4651.496582 0.000000 1808.301514 0.000000 0.299116 0.000000 0.954217 0.463012 0.463012 0.463012
4673.809570 0.000000 1845.019775 0.000000 0.287220 0.000000 0.957865 0.279446 0.279446 0.279446
4680.381348 0.000000 1814.993042 0.000000 0.218931 0.000000 0.975740 0.331252 0.331252 0.331252
4827.790527 0.000000 1748.268188 0.000000 0.232819 0.000000 0.972520 0.482134 0.482134 0.482134
4677.067383 0.000000 1916.657227 0.000000 0.218997 0.000000 0.975726 0.492535 0.492535 0.492535
4646.808594 0.000000 1904.184692 0.000000 0.297660 0.000000 0.954672 0.464649 0.464649 0.464649
4700.590820 0.000000 1905.718994 0.000000 0.208194 0.000000 0.978088 0.299569 0.299569 0.299569
4743.203125 0.000000 1957.925293 0.000000 0.268084 0.000000 0.963395 0.403696 0.403696 0.403696
4751.733398 0.000000 1920.765015 0.000000 0.206050 0.000000 0.978542 0.347835 0.347835 0.347835
4719.457031 0.000000 1896.934937 0.000000 0.247761 0.000000 0.968821 0.468411 0.468411 0.468411
4727.231445 0.000000 1896.987793 0.000000 0.314289 0.000000 0.949328 0.388520 0.388520 0.388520
4706.915527 0.000000 1987.848145 0.000000 0.297526 0.000000 0.954714 0.356633 0.356633 0.356633
4668.005859 0.000000 2000.485718 0.000000 0.269140 0.000000 0.963101 0.398471 0.398471 0.398471
4722.573242 0.000000 2002.211304 0.000000 0.195687 0.000000 0.980666 0.295333 0.295333 0.295333
4755.364746 0.000000 2062.421875 0.000000 0.301930 0.000000 0.953330 0.480572 0.480572 0.480572
4716.509766 0.000000 2000.571289 0.000000 0.239411 0.000000 0.970918 0.223342 0.223342 0.223342
4712.633301 0.000000 1989.812866 0.000000 0.276526 0.000000 0.961006 0.236329 0.236329 0.236329
4719.120117 0.000000 2056.691650 0.000000 0.227649 0.000000 0.973743 0.205637 0.205637 0.205637
4809.913574 0.000000 1918.596802 0.000000 0.201223 0.000000 0.979545 0.437280 0.437280 0.437280
4819.305664 0.000000 1943.622314 0.000000 0.278818 0.000000 0.960344 0.504009 0.504009 0.504009
4798.306152 0.000000 2006.200928 0.000000 0.264172 0.000000 0.964476 0.464091 0.464091 0.464091
4802.793945 0.000000 2016.988525 0.000000 0.228734 0.000000 0.973489 0.329202 0.329202 0.329202
4832.418457 0.000000 2002.267456 0.000000 0.273308 0.000000 0.961927 0.271051 0.271051 0.271051
4788.612305 0.000000 2029.954590 0.000000 0.320114 0.000000 0.947379 0.384184 0.384184 0.384184
4840.104980 0.000000 2000.635742 0.000000 0.308694 0.000000 0.951161 0.348063 0.348063 0.348063
4840.454590 0.000000 2006.596802 0.000000 0.270909 0.000000 0.962605 0.441410 0.441410 0.441410
4846.906738 0.000000 2001.793213 0.000000 0.264688 0.000000 0.964334 0.433713 0.433713 0.433713
4450.135742 0.000000 2122.148682 0.000000 0.214996 0.000000 0.976615 0.358489 0.358489 0.358489
"}
object={
	name="tree_swamp_01_generator_1_2"
	render_pass=Map
	clamp_to_water_level=no
	generated_content=yes
	layer="tree_high_layer"
	pdxmesh="tree_swamp_01_c_mesh"
	count=312
	transform="3993.984375 0.000000 1329.507324 0.000000 0.683591 0.000000 0.729865 0.472488 0.472488 0.472488
3988.693604 0.000000 1327.567749 0.000000 0.662765 0.000000 0.748827 0.464009 0.464009 0.464009
3973.681396 0.000000 1309.364624 0.000000 0.990634 0.000000 -0.136542 0.572193 0.572193 0.572193
3995.891846 0.000000 1312.663452 0.000000 0.953085 0.000000 0.302703 0.485393 0.485393 0.485393
3992.240967 0.000000 1314.648926 0.000000 0.801930 0.000000 0.597418 0.420763 0.420763 0.420763
4045.950684 0.000000 1374.546997 0.000000 0.902544 0.000000 0.430597 0.499878 0.499878 0.499878
4027.178223 0.000000 1336.770020 0.000000 0.811795 0.000000 0.583942 0.482358 0.482358 0.482358
4028.045654 0.000000 1342.336060 0.000000 0.948173 0.000000 0.317755 0.485175 0.485175 0.485175
4010.433105 0.000000 1361.517578 0.000000 0.840251 0.000000 0.542198 0.452430 0.452430 0.452430
4029.807129 0.000000 1342.281372 0.000000 0.926788 0.000000 0.375586 0.472812 0.472812 0.472812
4029.038086 0.000000 1387.095459 0.000000 0.894291 0.000000 0.447487 0.539170 0.539170 0.539170
4033.297363 0.000000 1389.099609 0.000000 0.500904 0.000000 0.865503 0.402043 0.402043 0.402043
4038.612061 0.000000 1389.579956 0.000000 0.876336 0.000000 0.481701 0.463736 0.463736 0.463736
4374.925293 0.000000 1976.888672 0.000000 0.964736 0.000000 0.263219 0.527324 0.527324 0.527324
4378.299316 0.000000 1975.859131 0.000000 0.975314 0.000000 0.220821 0.525236 0.525236 0.525236
4372.116699 0.000000 1978.737549 0.000000 0.652097 0.000000 0.758136 0.360962 0.360962 0.360962
4639.434570 0.000000 1783.222534 0.000000 0.999624 0.000000 0.027430 0.547401 0.547401 0.547401
4635.160156 0.000000 1837.335449 0.000000 0.934696 0.000000 0.355449 0.514573 0.514573 0.514573
4630.383789 0.000000 1874.019775 0.000000 0.543522 0.000000 0.839395 0.458355 0.458355 0.458355
4616.607910 0.000000 1824.421997 0.000000 0.996626 0.000000 0.082075 0.545487 0.545487 0.545487
4615.598145 0.000000 1829.422119 0.000000 0.912802 0.000000 0.408403 0.498587 0.498587 0.498587
4631.500000 0.000000 1817.642944 0.000000 0.968678 0.000000 0.248320 0.525535 0.525535 0.525535
4630.640137 0.000000 1820.539185 0.000000 0.996144 0.000000 -0.087732 0.562665 0.562665 0.562665
4631.132324 0.000000 1811.771484 0.000000 0.808346 0.000000 0.588707 0.497277 0.497277 0.497277
4638.906250 0.000000 1845.413574 0.000000 0.800419 0.000000 0.599441 0.442319 0.442319 0.442319
4632.516113 0.000000 1836.758179 0.000000 0.489961 0.000000 0.871744 0.456959 0.456959 0.456959
4635.668457 0.000000 1872.865112 0.000000 0.894696 0.000000 0.446675 0.499771 0.499771 0.499771
4630.923828 0.000000 1875.919189 0.000000 0.999999 0.000000 -0.001520 0.550140 0.550140 0.550140
4595.421387 0.000000 1865.810913 0.000000 0.587364 0.000000 0.809323 0.406274 0.406274 0.406274
4404.535156 0.000000 1948.896362 0.000000 0.969553 0.000000 0.244883 0.522144 0.522144 0.522144
4471.090820 0.000000 1971.004761 0.000000 0.976995 0.000000 0.213263 0.537901 0.537901 0.537901
4504.483398 0.000000 1895.912720 0.000000 0.967556 0.000000 0.252657 0.542985 0.542985 0.542985
4434.048828 0.000000 2009.173218 0.000000 0.944305 0.000000 0.329070 0.516849 0.516849 0.516849
4420.852051 0.000000 1987.476196 0.000000 0.999036 0.000000 -0.043897 0.550844 0.550844 0.550844
4434.204590 0.000000 2002.829956 0.000000 0.918009 0.000000 0.396559 0.530403 0.530403 0.530403
4393.202148 0.000000 1991.276855 0.000000 0.702781 0.000000 0.711407 0.519569 0.519569 0.519569
4407.549316 0.000000 2049.895020 0.000000 0.999623 0.000000 -0.027472 0.551434 0.551434 0.551434
4406.569824 0.000000 1996.405151 0.000000 0.767502 0.000000 0.641046 0.495537 0.495537 0.495537
4401.609863 0.000000 2062.452148 0.000000 0.995965 0.000000 -0.089745 0.559131 0.559131 0.559131
4424.197266 0.000000 1993.677612 0.000000 0.999545 0.000000 -0.030169 0.553397 0.553397 0.553397
4418.811523 0.000000 1989.310059 0.000000 0.522844 0.000000 0.852428 0.475726 0.475726 0.475726
4409.290039 0.000000 2062.540771 0.000000 0.935497 0.000000 0.353333 0.495950 0.495950 0.495950
4401.566895 0.000000 2039.506836 0.000000 0.995965 0.000000 0.089745 0.542596 0.542596 0.542596
4411.528320 0.000000 1994.377563 0.000000 0.994190 0.000000 -0.107638 0.559626 0.559626 0.559626
4440.125488 0.000000 2010.999634 0.000000 0.986284 0.000000 0.165057 0.538161 0.538161 0.538161
4421.539062 0.000000 2027.736572 0.000000 0.659463 0.000000 0.751737 0.347921 0.347921 0.347921
4418.821289 0.000000 2029.042969 0.000000 0.986966 0.000000 0.160931 0.526474 0.526474 0.526474
4404.471680 0.000000 1995.939331 0.000000 0.994264 0.000000 0.106953 0.532196 0.532196 0.532196
4406.795898 0.000000 1994.531738 0.000000 0.961718 0.000000 0.274042 0.496256 0.496256 0.496256
4400.531250 0.000000 2040.814087 0.000000 0.999176 0.000000 -0.040581 0.555908 0.555908 0.555908
4406.281250 0.000000 2046.421753 0.000000 0.605917 0.000000 0.795528 0.421165 0.421165 0.421165
4425.027832 0.000000 2026.857178 0.000000 0.814494 0.000000 0.580172 0.456515 0.456515 0.456515
4438.787598 0.000000 2010.227783 0.000000 0.776212 0.000000 0.630472 0.432915 0.432915 0.432915
4413.444824 0.000000 1992.294678 0.000000 0.812887 0.000000 0.582421 0.407438 0.407438 0.407438
4422.912598 0.000000 1993.068359 0.000000 1.000000 0.000000 -0.000137 0.550031 0.550031 0.550031
4414.646484 0.000000 1992.949463 0.000000 0.501417 0.000000 0.865206 0.310245 0.310245 0.310245
4578.908691 0.000000 1939.129517 0.000000 0.996736 0.000000 -0.080735 0.553551 0.553551 0.553551
4519.419922 0.000000 1961.063232 0.000000 0.859057 0.000000 0.511879 0.482854 0.482854 0.482854
4520.402344 0.000000 1960.202148 0.000000 0.986079 0.000000 -0.166277 0.587160 0.587160 0.587160
4586.670898 0.000000 1928.090454 0.000000 0.969533 0.000000 0.244960 0.546262 0.546262 0.546262
4590.722656 0.000000 1926.360596 0.000000 0.656630 0.000000 0.754213 0.520669 0.520669 0.520669
4607.831543 0.000000 1922.520020 0.000000 0.917458 0.000000 0.397832 0.535393 0.535393 0.535393
4611.397949 0.000000 1905.893799 0.000000 0.568219 0.000000 0.822878 0.340327 0.340327 0.340327
4637.895020 0.000000 1960.086304 0.000000 0.511877 0.000000 0.859059 0.423709 0.423709 0.423709
4613.051758 0.000000 1960.831299 0.000000 0.458218 0.000000 0.888840 0.470326 0.470326 0.470326
4602.406738 0.000000 1951.079712 0.000000 0.998638 0.000000 0.052180 0.545914 0.545914 0.545914
4627.634277 0.000000 1964.447876 0.000000 0.611998 0.000000 0.790859 0.417229 0.417229 0.417229
4592.588867 0.000000 1925.095703 0.000000 0.857319 0.000000 0.514785 0.489856 0.489856 0.489856
4626.751465 0.000000 1932.683472 0.000000 0.506302 0.000000 0.862356 0.375797 0.375797 0.375797
4635.958008 0.000000 1971.630005 0.000000 0.473382 0.000000 0.880857 0.467134 0.467134 0.467134
4642.031738 0.000000 1898.019775 0.000000 0.767931 0.000000 0.640532 0.442134 0.442134 0.442134
4636.377441 0.000000 1961.292603 0.000000 0.998888 0.000000 -0.047155 0.555765 0.555765 0.555765
4607.663574 0.000000 1924.595459 0.000000 0.999934 0.000000 0.011529 0.547467 0.547467 0.547467
4603.845215 0.000000 1952.229492 0.000000 0.986889 0.000000 -0.161400 0.578269 0.578269 0.578269
4625.008789 0.000000 1975.473877 0.000000 0.996842 0.000000 -0.079414 0.561352 0.561352 0.561352
4595.460938 0.000000 1959.694092 0.000000 0.957948 0.000000 0.286942 0.499248 0.499248 0.499248
4602.387207 0.000000 1952.572632 0.000000 0.388401 0.000000 0.921490 0.345639 0.345639 0.345639
4600.534668 0.000000 1954.823730 0.000000 0.398666 0.000000 0.917096 0.331648 0.331648 0.331648
4549.310547 0.000000 2001.350586 0.000000 0.581600 0.000000 0.813475 0.424760 0.424760 0.424760
4641.449219 0.000000 2005.690552 0.000000 0.593553 0.000000 0.804795 0.492206 0.492206 0.492206
4612.575195 0.000000 2002.641602 0.000000 0.999209 0.000000 -0.039763 0.557755 0.557755 0.557755
4588.391602 0.000000 2012.401489 0.000000 0.835199 0.000000 0.549949 0.446857 0.446857 0.446857
4612.421387 0.000000 2000.308960 0.000000 0.709875 0.000000 0.704328 0.391189 0.391189 0.391189
4594.659180 0.000000 2004.356445 0.000000 0.667183 0.000000 0.744893 0.459994 0.459994 0.459994
4601.488770 0.000000 2012.106689 0.000000 0.997945 0.000000 -0.064083 0.558893 0.558893 0.558893
4642.569336 0.000000 2000.488403 0.000000 0.726646 0.000000 0.687012 0.416887 0.416887 0.416887
4613.387695 0.000000 2003.866211 0.000000 0.992244 0.000000 0.124308 0.525699 0.525699 0.525699
4822.147949 0.000000 1714.028931 0.000000 0.505861 0.000000 0.862615 0.444284 0.444284 0.444284
4826.370605 0.000000 1718.935547 0.000000 0.996660 0.000000 -0.081669 0.558869 0.558869 0.558869
4823.539551 0.000000 1715.288208 0.000000 0.841071 0.000000 0.540925 0.491926 0.491926 0.491926
4824.695312 0.000000 1718.899536 0.000000 0.600500 0.000000 0.799625 0.418942 0.418942 0.418942
4899.752930 0.000000 1687.886597 0.000000 0.512977 0.000000 0.858402 0.476303 0.476303 0.476303
4847.583008 0.000000 1709.151489 0.000000 0.516164 0.000000 0.856490 0.537291 0.537291 0.537291
4877.813965 0.000000 1679.559448 0.000000 0.970967 0.000000 0.239212 0.537396 0.537396 0.537396
4848.690918 0.000000 1710.752197 0.000000 0.997928 0.000000 -0.064341 0.560874 0.560874 0.560874
4675.399902 0.000000 1787.085449 0.000000 0.991506 0.000000 -0.130061 0.564327 0.564327 0.564327
4671.754883 0.000000 1782.306763 0.000000 0.568328 0.000000 0.822802 0.406699 0.406699 0.406699
4671.860840 0.000000 1776.185913 0.000000 0.970312 0.000000 0.241858 0.511762 0.511762 0.511762
4679.091797 0.000000 1787.970215 0.000000 0.963890 0.000000 0.266300 0.520020 0.520020 0.520020
4670.802246 0.000000 1777.523315 0.000000 0.407352 0.000000 0.913271 0.369792 0.369792 0.369792
4670.278809 0.000000 1783.199951 0.000000 0.380028 0.000000 0.924975 0.374868 0.374868 0.374868
4681.953613 0.000000 1814.643555 0.000000 0.789695 0.000000 0.613500 0.442984 0.442984 0.442984
4657.402832 0.000000 1810.744873 0.000000 0.989935 0.000000 -0.141521 0.558969 0.558969 0.558969
4674.691406 0.000000 1808.807007 0.000000 0.997071 0.000000 -0.076479 0.560196 0.560196 0.560196
4673.618652 0.000000 1843.122314 0.000000 0.944613 0.000000 0.328188 0.488016 0.488016 0.488016
4672.121094 0.000000 1844.528320 0.000000 0.758807 0.000000 0.651316 0.400009 0.400009 0.400009
4674.013672 0.000000 1846.363770 0.000000 0.998835 0.000000 0.048252 0.539793 0.539793 0.539793
4751.595215 0.000000 1811.593140 0.000000 0.533112 0.000000 0.846045 0.469681 0.469681 0.469681
4718.361328 0.000000 1870.220581 0.000000 0.623094 0.000000 0.782147 0.369955 0.369955 0.369955
4790.109863 0.000000 1775.508545 0.000000 0.980623 0.000000 0.195905 0.547293 0.547293 0.547293
4798.017578 0.000000 1756.732056 0.000000 0.987880 0.000000 -0.155219 0.559202 0.559202 0.559202
4826.446777 0.000000 1721.200439 0.000000 0.576203 0.000000 0.817306 0.452788 0.452788 0.452788
4798.481445 0.000000 1736.424438 0.000000 0.998508 0.000000 0.054599 0.545575 0.545575 0.545575
4900.083984 0.000000 1723.848022 0.000000 0.618065 0.000000 0.786127 0.521434 0.521434 0.521434
4664.567383 0.000000 1971.004761 0.000000 0.756656 0.000000 0.653813 0.485420 0.485420 0.485420
4693.887695 0.000000 1909.628540 0.000000 0.626968 0.000000 0.779045 0.530378 0.530378 0.530378
4695.819336 0.000000 1929.350952 0.000000 0.998863 0.000000 -0.047673 0.560936 0.560936 0.560936
4657.160645 0.000000 1964.356567 0.000000 0.548547 0.000000 0.836119 0.404522 0.404522 0.404522
4648.500977 0.000000 1902.473022 0.000000 0.670644 0.000000 0.741779 0.419182 0.419182 0.419182
4705.228027 0.000000 1942.287476 0.000000 0.339640 0.000000 0.940556 0.339870 0.339870 0.339870
4688.783203 0.000000 1968.128418 0.000000 0.905377 0.000000 0.424610 0.519893 0.519893 0.519893
4662.899902 0.000000 1934.585083 0.000000 0.923127 0.000000 0.384494 0.528866 0.528866 0.528866
4646.978027 0.000000 1920.612427 0.000000 0.999875 0.000000 0.015807 0.548763 0.548763 0.548763
4667.018555 0.000000 1972.335327 0.000000 0.999992 0.000000 0.004004 0.549687 0.549687 0.549687
4670.859375 0.000000 1943.248413 0.000000 0.999964 0.000000 -0.008493 0.550886 0.550886 0.550886
4686.936035 0.000000 1930.391724 0.000000 0.606191 0.000000 0.795319 0.383335 0.383335 0.383335
4652.907715 0.000000 1898.191040 0.000000 0.998122 0.000000 -0.061256 0.555807 0.555807 0.555807
4691.632324 0.000000 1910.437012 0.000000 0.588596 0.000000 0.808428 0.440117 0.440117 0.440117
4652.883789 0.000000 1926.417114 0.000000 0.831293 0.000000 0.555834 0.479594 0.479594 0.479594
4666.736328 0.000000 1942.314331 0.000000 0.929602 0.000000 0.368565 0.503353 0.503353 0.503353
4696.329102 0.000000 1931.380737 0.000000 0.598632 0.000000 0.801024 0.436470 0.436470 0.436470
4693.554199 0.000000 1929.223145 0.000000 0.772471 0.000000 0.635049 0.402612 0.402612 0.402612
4667.534668 0.000000 1974.343994 0.000000 0.799791 0.000000 0.600279 0.482811 0.482811 0.482811
4696.859863 0.000000 1907.180054 0.000000 0.680958 0.000000 0.732323 0.427014 0.427014 0.427014
4665.535156 0.000000 1931.809326 0.000000 0.824390 0.000000 0.566022 0.475646 0.475646 0.475646
4687.892090 0.000000 1969.541748 0.000000 0.767961 0.000000 0.640497 0.386780 0.386780 0.386780
4703.035645 0.000000 1903.744385 0.000000 0.993337 0.000000 -0.115248 0.576010 0.576010 0.576010
4713.658203 0.000000 1922.449341 0.000000 0.980982 0.000000 0.194097 0.523178 0.523178 0.523178
4748.826660 0.000000 1925.355957 0.000000 0.755862 0.000000 0.654731 0.492171 0.492171 0.492171
4747.877930 0.000000 1921.516235 0.000000 0.984161 0.000000 0.177279 0.540211 0.540211 0.540211
4724.270996 0.000000 1895.728394 0.000000 0.594679 0.000000 0.803963 0.424327 0.424327 0.424327
4727.392090 0.000000 1934.585083 0.000000 0.976514 0.000000 0.215453 0.540458 0.540458 0.540458
4753.041992 0.000000 1923.551880 0.000000 0.896076 0.000000 0.443900 0.524106 0.524106 0.524106
4746.502441 0.000000 1923.948730 0.000000 0.991105 0.000000 0.133086 0.528739 0.528739 0.528739
4736.247070 0.000000 1954.275513 0.000000 0.832612 0.000000 0.553857 0.462146 0.462146 0.462146
4747.073730 0.000000 1916.312134 0.000000 0.992596 0.000000 -0.121462 0.562205 0.562205 0.562205
4745.290039 0.000000 1959.282837 0.000000 0.883002 0.000000 0.469369 0.439978 0.439978 0.439978
4723.544434 0.000000 1931.266113 0.000000 0.619902 0.000000 0.784679 0.407540 0.407540 0.407540
4746.085938 0.000000 1922.350342 0.000000 0.989984 0.000000 0.141181 0.527437 0.527437 0.527437
4670.546387 0.000000 2011.620239 0.000000 0.582713 0.000000 0.812678 0.454902 0.454902 0.454902
4663.858887 0.000000 1987.613403 0.000000 0.345798 0.000000 0.938309 0.419581 0.419581 0.419581
4669.321777 0.000000 2006.200928 0.000000 0.746220 0.000000 0.665700 0.536997 0.536997 0.536997
4693.374512 0.000000 2019.343628 0.000000 0.490931 0.000000 0.871199 0.332163 0.332163 0.332163
4695.652344 0.000000 2026.379761 0.000000 0.800964 0.000000 0.598713 0.537661 0.537661 0.537661
4661.778809 0.000000 1979.001709 0.000000 0.810838 0.000000 0.585271 0.528538 0.528538 0.528538
4706.531250 0.000000 1989.788940 0.000000 0.815291 0.000000 0.579052 0.509297 0.509297 0.509297
4699.166992 0.000000 2013.186523 0.000000 0.533911 0.000000 0.845540 0.461456 0.461456 0.461456
4662.320312 0.000000 1984.753418 0.000000 0.934352 0.000000 0.356351 0.530989 0.530989 0.530989
4704.528809 0.000000 1984.719971 0.000000 0.469460 0.000000 0.882954 0.509882 0.509882 0.509882
4697.708496 0.000000 2028.827026 0.000000 0.378462 0.000000 0.925617 0.478548 0.478548 0.478548
4691.979980 0.000000 2016.584351 0.000000 0.922356 0.000000 0.386341 0.489543 0.489543 0.489543
4698.107422 0.000000 2015.442749 0.000000 0.746034 0.000000 0.665908 0.501972 0.501972 0.501972
4699.633789 0.000000 2027.705933 0.000000 0.712079 0.000000 0.702099 0.356558 0.356558 0.356558
4647.800781 0.000000 2010.075928 0.000000 0.999866 0.000000 0.016341 0.548497 0.548497 0.548497
4705.549316 0.000000 1991.594482 0.000000 0.999995 0.000000 0.003090 0.549716 0.549716 0.549716
4650.759766 0.000000 1993.104370 0.000000 0.810738 0.000000 0.585410 0.474433 0.474433 0.474433
4691.202637 0.000000 2014.997314 0.000000 0.991026 0.000000 0.133673 0.517047 0.517047 0.517047
4697.592285 0.000000 2020.244873 0.000000 0.622036 0.000000 0.782989 0.353628 0.353628 0.353628
4693.214355 0.000000 2021.185181 0.000000 0.933471 0.000000 0.358653 0.478476 0.478476 0.478476
4692.105957 0.000000 2023.548828 0.000000 0.604504 0.000000 0.796602 0.322206 0.322206 0.322206
4692.023438 0.000000 2019.938965 0.000000 0.964543 0.000000 0.263926 0.494989 0.494989 0.494989
4705.291992 0.000000 1981.338501 0.000000 0.669095 0.000000 0.743177 0.385494 0.385494 0.385494
4696.541992 0.000000 2020.945312 0.000000 0.773274 0.000000 0.634072 0.400054 0.400054 0.400054
4720.100586 0.000000 1992.248657 0.000000 0.742578 0.000000 0.669759 0.464346 0.464346 0.464346
4751.618164 0.000000 2026.665161 0.000000 0.971632 0.000000 0.236498 0.542787 0.542787 0.542787
4712.993164 0.000000 1988.457397 0.000000 0.897825 0.000000 0.440351 0.439177 0.439177 0.439177
4719.290527 0.000000 2062.756348 0.000000 0.997869 0.000000 -0.065246 0.562014 0.562014 0.562014
4723.620117 0.000000 2058.007812 0.000000 0.842052 0.000000 0.539396 0.520273 0.520273 0.520273
4711.216309 0.000000 1995.577637 0.000000 0.756894 0.000000 0.653537 0.408192 0.408192 0.408192
4725.590820 0.000000 2003.456055 0.000000 0.999793 0.000000 -0.020322 0.551423 0.551423 0.551423
4748.059570 0.000000 2029.518555 0.000000 0.969096 0.000000 0.246684 0.509614 0.509614 0.509614
4721.573242 0.000000 2011.080078 0.000000 0.978030 0.000000 0.208463 0.513956 0.513956 0.513956
4726.529297 0.000000 2024.550537 0.000000 0.599537 0.000000 0.800347 0.431512 0.431512 0.431512
4713.270508 0.000000 1999.780273 0.000000 0.401731 0.000000 0.915758 0.267120 0.267120 0.267120
4717.922363 0.000000 2001.793213 0.000000 0.568222 0.000000 0.822875 0.312460 0.312460 0.312460
4757.706543 0.000000 2021.185181 0.000000 0.763089 0.000000 0.646293 0.463159 0.463159 0.463159
4756.598145 0.000000 2023.548828 0.000000 0.861914 0.000000 0.507055 0.453618 0.453618 0.453618
4727.937012 0.000000 2025.487183 0.000000 0.502237 0.000000 0.864730 0.416605 0.416605 0.416605
4712.723633 0.000000 1986.806763 0.000000 0.999459 0.000000 0.032876 0.545395 0.545395 0.545395
4707.997070 0.000000 1987.391357 0.000000 0.822294 0.000000 0.569062 0.457734 0.457734 0.457734
4738.303223 0.000000 2013.469360 0.000000 0.418223 0.000000 0.908345 0.391997 0.391997 0.391997
4714.565918 0.000000 1985.270386 0.000000 0.383414 0.000000 0.923577 0.318832 0.318832 0.318832
4712.435059 0.000000 2000.934814 0.000000 0.987454 0.000000 -0.157905 0.586361 0.586361 0.586361
4725.797363 0.000000 2011.952759 0.000000 0.999586 0.000000 -0.028772 0.556638 0.556638 0.556638
4814.661621 0.000000 1944.881592 0.000000 0.514261 0.000000 0.857634 0.486317 0.486317 0.486317
4827.771484 0.000000 1911.759155 0.000000 0.980633 0.000000 0.195855 0.526992 0.526992 0.526992
4857.285156 0.000000 1931.422119 0.000000 0.673700 0.000000 0.739005 0.451800 0.451800 0.451800
4857.417969 0.000000 1937.495728 0.000000 0.989454 0.000000 0.144850 0.544012 0.544012 0.544012
4834.925781 0.000000 2005.690552 0.000000 0.943450 0.000000 0.331516 0.523089 0.523089 0.523089
4782.078125 0.000000 2027.054077 0.000000 0.991044 0.000000 -0.133537 0.569310 0.569310 0.569310
4786.159668 0.000000 2016.385376 0.000000 0.636935 0.000000 0.770917 0.460555 0.460555 0.460555
4821.157715 0.000000 2002.829956 0.000000 0.881965 0.000000 0.471316 0.505523 0.505523 0.505523
4780.957520 0.000000 2057.963867 0.000000 0.733496 0.000000 0.679694 0.491508 0.491508 0.491508
4836.419434 0.000000 1996.043945 0.000000 0.985998 0.000000 -0.166757 0.566333 0.566333 0.566333
4796.031738 0.000000 2021.396606 0.000000 0.999490 0.000000 -0.031939 0.552939 0.552939 0.552939
4795.359863 0.000000 2013.750610 0.000000 0.975340 0.000000 0.220709 0.520054 0.520054 0.520054
4824.176270 0.000000 1999.908569 0.000000 0.415892 0.000000 0.909414 0.421432 0.421432 0.421432
4798.774414 0.000000 2023.564453 0.000000 0.947130 0.000000 0.320849 0.523091 0.523091 0.523091
4790.449219 0.000000 2030.124756 0.000000 0.777931 0.000000 0.628350 0.515482 0.515482 0.515482
4803.337891 0.000000 2028.437500 0.000000 0.890427 0.000000 0.455126 0.488363 0.488363 0.488363
4784.321289 0.000000 2009.369019 0.000000 0.906173 0.000000 0.422907 0.497838 0.497838 0.497838
4801.068359 0.000000 2005.416626 0.000000 0.681051 0.000000 0.732236 0.460877 0.460877 0.460877
4811.565918 0.000000 2002.296509 0.000000 0.674324 0.000000 0.738436 0.450759 0.450759 0.450759
4815.960938 0.000000 1995.939941 0.000000 0.979036 0.000000 0.203686 0.530566 0.530566 0.530566
4784.569336 0.000000 2027.184692 0.000000 0.936145 0.000000 0.351615 0.472051 0.472051 0.472051
4796.186035 0.000000 2023.786255 0.000000 0.357294 0.000000 0.933992 0.465586 0.465586 0.465586
4830.062988 0.000000 1998.551025 0.000000 0.999848 0.000000 0.017457 0.548658 0.548658 0.548658
4804.734375 0.000000 2021.395874 0.000000 0.994183 0.000000 0.107708 0.537701 0.537701 0.537701
4807.279297 0.000000 2009.877075 0.000000 0.532316 0.000000 0.846546 0.439112 0.439112 0.439112
4786.065430 0.000000 2011.080078 0.000000 0.427087 0.000000 0.904211 0.442984 0.442984 0.442984
4785.900391 0.000000 2007.820557 0.000000 0.560289 0.000000 0.828297 0.452163 0.452163 0.452163
4801.416504 0.000000 2012.614258 0.000000 0.366601 0.000000 0.930378 0.349741 0.349741 0.349741
4814.197754 0.000000 2006.264771 0.000000 0.997253 0.000000 0.074066 0.539719 0.539719 0.539719
4787.773438 0.000000 2014.954590 0.000000 0.769426 0.000000 0.638736 0.491016 0.491016 0.491016
4782.545898 0.000000 2029.094482 0.000000 0.998772 0.000000 0.049539 0.544896 0.544896 0.544896
4809.240234 0.000000 2015.765503 0.000000 0.992994 0.000000 0.118168 0.532273 0.532273 0.532273
4801.140137 0.000000 2010.579834 0.000000 0.989850 0.000000 -0.142113 0.567622 0.567622 0.567622
4800.419434 0.000000 2022.633423 0.000000 0.856000 0.000000 0.516975 0.480620 0.480620 0.480620
4825.783203 0.000000 1998.947754 0.000000 0.994126 0.000000 0.108229 0.537790 0.537790 0.537790
4785.825195 0.000000 2028.457275 0.000000 0.998980 0.000000 0.045148 0.539830 0.539830 0.539830
4798.066895 0.000000 2010.727539 0.000000 0.991564 0.000000 0.129619 0.522871 0.522871 0.522871
4814.545410 0.000000 2012.481934 0.000000 0.971790 0.000000 0.235846 0.506519 0.506519 0.506519
4794.965332 0.000000 2012.106689 0.000000 0.804145 0.000000 0.594433 0.464342 0.464342 0.464342
4833.930176 0.000000 2002.786865 0.000000 0.973383 0.000000 0.229184 0.500150 0.500150 0.500150
4836.401855 0.000000 2006.273682 0.000000 0.999917 0.000000 0.012888 0.547080 0.547080 0.547080
4789.872559 0.000000 2031.633545 0.000000 0.419163 0.000000 0.907911 0.256163 0.256163 0.256163
4797.285156 0.000000 2018.005127 0.000000 0.946295 0.000000 0.323305 0.488069 0.488069 0.488069
4803.770020 0.000000 2019.984253 0.000000 0.362443 0.000000 0.932006 0.240252 0.240252 0.240252
4834.779785 0.000000 2009.089966 0.000000 0.911679 0.000000 0.410902 0.439528 0.439528 0.439528
4842.642578 0.000000 2008.433716 0.000000 0.566212 0.000000 0.824260 0.494124 0.494124 0.494124
4844.906738 0.000000 2002.369385 0.000000 0.890942 0.000000 0.454118 0.438672 0.438672 0.438672
4873.566895 0.000000 2001.390869 0.000000 0.987116 0.000000 0.160009 0.529038 0.529038 0.529038
4839.267578 0.000000 2009.775024 0.000000 0.991058 0.000000 0.133431 0.533094 0.533094 0.533094
4861.053223 0.000000 1995.652710 0.000000 0.846670 0.000000 0.532118 0.487594 0.487594 0.487594
4837.993652 0.000000 1998.755127 0.000000 0.992931 0.000000 -0.118693 0.565356 0.565356 0.565356
4843.673340 0.000000 2011.031494 0.000000 0.542269 0.000000 0.840205 0.428080 0.428080 0.428080
4848.291504 0.000000 2014.895996 0.000000 0.999487 0.000000 -0.032018 0.553342 0.553342 0.553342
4846.360352 0.000000 2012.401489 0.000000 0.970840 0.000000 0.239730 0.507119 0.507119 0.507119
4850.229492 0.000000 2014.299561 0.000000 0.396041 0.000000 0.918233 0.319926 0.319926 0.319926
4852.632812 0.000000 1989.489380 0.000000 0.471167 0.000000 0.882044 0.370533 0.370533 0.370533
4861.313477 0.000000 1993.533936 0.000000 0.657258 0.000000 0.753666 0.439822 0.439822 0.439822
4862.559082 0.000000 2010.727539 0.000000 0.463815 0.000000 0.885932 0.364667 0.364667 0.364667
4879.037598 0.000000 2012.481934 0.000000 0.974132 0.000000 0.225980 0.519013 0.519013 0.519013
4847.279297 0.000000 2013.676880 0.000000 0.734834 0.000000 0.678248 0.417972 0.417972 0.417972
4839.257812 0.000000 2007.635254 0.000000 0.960443 0.000000 0.278478 0.492262 0.492262 0.492262
4852.207031 0.000000 1992.198730 0.000000 0.903642 0.000000 0.428288 0.477680 0.477680 0.477680
4846.749023 0.000000 2003.233643 0.000000 0.996356 0.000000 -0.085288 0.570753 0.570753 0.570753
4843.552246 0.000000 2002.576782 0.000000 0.876949 0.000000 0.480584 0.440550 0.440550 0.440550
4902.393555 0.000000 1720.236938 0.000000 0.883882 0.000000 0.467710 0.524605 0.524605 0.524605
4421.931641 0.000000 2103.774658 0.000000 0.967814 0.000000 0.251667 0.530438 0.530438 0.530438
4400.590820 0.000000 2095.366943 0.000000 0.993288 0.000000 0.115667 0.548249 0.548249 0.548249
4433.382324 0.000000 2107.220459 0.000000 0.642182 0.000000 0.766552 0.371298 0.371298 0.371298
4402.371094 0.000000 2097.120117 0.000000 0.487743 0.000000 0.872987 0.389701 0.389701 0.389701
4411.348145 0.000000 2071.563477 0.000000 0.997055 0.000000 0.076694 0.541672 0.541672 0.541672
4424.194336 0.000000 2102.941895 0.000000 0.817344 0.000000 0.576150 0.500257 0.500257 0.500257
4401.889648 0.000000 2063.743164 0.000000 0.525770 0.000000 0.850627 0.446645 0.446645 0.446645
4443.802246 0.000000 2095.476807 0.000000 0.998811 0.000000 -0.048750 0.554955 0.554955 0.554955
4425.533691 0.000000 2104.454590 0.000000 0.942498 0.000000 0.334211 0.503677 0.503677 0.503677
4432.994629 0.000000 2117.466309 0.000000 0.878447 0.000000 0.477840 0.439180 0.439180 0.439180
4423.495117 0.000000 2104.832275 0.000000 0.517402 0.000000 0.855742 0.335657 0.335657 0.335657
4449.570801 0.000000 2106.565918 0.000000 0.875590 0.000000 0.483056 0.486314 0.486314 0.486314
4427.754395 0.000000 2104.047607 0.000000 0.441201 0.000000 0.897408 0.306819 0.306819 0.306819
4426.316895 0.000000 2105.885254 0.000000 0.998074 0.000000 -0.062037 0.563553 0.563553 0.563553
4433.559570 0.000000 2116.210449 0.000000 0.759927 0.000000 0.650009 0.392601 0.392601 0.392601
4457.407715 0.000000 2106.049805 0.000000 0.538458 0.000000 0.842652 0.536239 0.536239 0.536239
4465.083008 0.000000 2095.366943 0.000000 0.999483 0.000000 0.032144 0.542981 0.542981 0.542981
4470.332031 0.000000 2103.390869 0.000000 0.692837 0.000000 0.721094 0.526777 0.526777 0.526777
4498.696777 0.000000 2088.814453 0.000000 0.521622 0.000000 0.853177 0.521933 0.521933 0.521933
4482.308594 0.000000 2105.062012 0.000000 0.999423 0.000000 0.033960 0.548647 0.548647 0.548647
4457.848633 0.000000 2109.625000 0.000000 0.997435 0.000000 0.071580 0.538195 0.538195 0.538195
4508.644043 0.000000 2082.140869 0.000000 0.576282 0.000000 0.817251 0.446230 0.446230 0.446230
4495.935059 0.000000 2101.059082 0.000000 0.886790 0.000000 0.462173 0.524931 0.524931 0.524931
4464.355957 0.000000 2108.484131 0.000000 0.726913 0.000000 0.686729 0.488675 0.488675 0.488675
4484.818359 0.000000 2095.861572 0.000000 0.966175 0.000000 0.257886 0.517408 0.517408 0.517408
4453.352539 0.000000 2125.484863 0.000000 0.953140 0.000000 0.302528 0.512863 0.512863 0.512863
4486.779297 0.000000 2101.750000 0.000000 0.981740 0.000000 0.190230 0.528450 0.528450 0.528450
4463.787598 0.000000 2106.853271 0.000000 0.999981 0.000000 -0.006154 0.551563 0.551563 0.551563
4488.117188 0.000000 2094.319092 0.000000 0.564814 0.000000 0.825218 0.428723 0.428723 0.428723
4490.809082 0.000000 2105.885254 0.000000 0.995212 0.000000 0.097742 0.529971 0.529971 0.529971
4463.695312 0.000000 2109.650879 0.000000 0.948381 0.000000 0.317132 0.468026 0.468026 0.468026
4463.152344 0.000000 2107.985107 0.000000 0.708747 0.000000 0.705462 0.351080 0.351080 0.351080
4464.673340 0.000000 2094.167725 0.000000 0.720262 0.000000 0.693702 0.382630 0.382630 0.382630
4514.641602 0.000000 2101.523193 0.000000 0.367897 0.000000 0.929867 0.476220 0.476220 0.476220
4514.455566 0.000000 2090.352295 0.000000 0.919280 0.000000 0.393605 0.526670 0.526670 0.526670
4517.993652 0.000000 2092.581299 0.000000 0.549515 0.000000 0.835484 0.449507 0.449507 0.449507
4767.054688 0.000000 2065.938232 0.000000 0.780130 0.000000 0.625617 0.514732 0.514732 0.514732
4711.669922 0.000000 2109.791992 0.000000 0.649096 0.000000 0.760706 0.468103 0.468103 0.468103
4747.207031 0.000000 2085.461670 0.000000 0.927137 0.000000 0.374723 0.536815 0.536815 0.536815
4726.270996 0.000000 2064.986084 0.000000 0.427246 0.000000 0.904136 0.495725 0.495725 0.495725
4755.564453 0.000000 2063.841553 0.000000 0.427655 0.000000 0.903942 0.487996 0.487996 0.487996
4745.592285 0.000000 2082.375244 0.000000 0.998625 0.000000 -0.052428 0.557778 0.557778 0.557778
4728.470703 0.000000 2118.990234 0.000000 0.944435 0.000000 0.328699 0.484696 0.484696 0.484696
4737.049316 0.000000 2086.577393 0.000000 0.587167 0.000000 0.809466 0.388104 0.388104 0.388104
4742.711426 0.000000 2076.974609 0.000000 0.977466 0.000000 0.211093 0.531309 0.531309 0.531309
4736.236816 0.000000 2084.353271 0.000000 0.772073 0.000000 0.635534 0.446924 0.446924 0.446924
4758.959473 0.000000 2076.662354 0.000000 0.920538 0.000000 0.390652 0.487728 0.487728 0.487728
4834.340332 0.000000 2080.470947 0.000000 0.977657 0.000000 0.210206 0.532552 0.532552 0.532552
4846.384277 0.000000 2070.159912 0.000000 0.953127 0.000000 0.302571 0.531851 0.531851 0.531851
4839.964355 0.000000 2073.089111 0.000000 0.431896 0.000000 0.901923 0.440401 0.440401 0.440401
4848.427246 0.000000 2073.726318 0.000000 0.834795 0.000000 0.550560 0.501966 0.501966 0.501966
4836.981445 0.000000 2073.375977 0.000000 0.755197 0.000000 0.655497 0.431233 0.431233 0.431233
4839.877441 0.000000 2074.591064 0.000000 0.988278 0.000000 0.152667 0.524115 0.524115 0.524115
"}
object={
	name="tree_swamp_01_generator_1_3"
	render_pass=Map
	clamp_to_water_level=no
	generated_content=yes
	layer="tree_high_layer"
	pdxmesh="tree_swamp_01_d_mesh"
	count=319
	transform="3998.020996 0.000000 1308.168945 0.000000 0.491928 0.000000 -0.870636 0.589168 0.589168 0.589168
3992.983398 0.000000 1312.800659 0.000000 0.080173 0.000000 -0.996781 0.746479 0.746479 0.746479
3995.579346 0.000000 1310.429443 0.000000 0.754594 0.000000 -0.656192 0.682680 0.682680 0.682680
3994.484375 0.000000 1313.046875 0.000000 0.935362 0.000000 -0.353691 0.625948 0.625948 0.625948
4026.719482 0.000000 1339.012817 0.000000 0.724558 0.000000 -0.689214 0.606382 0.606382 0.606382
3999.039307 0.000000 1308.338623 0.000000 0.788413 0.000000 -0.615146 0.574564 0.574564 0.574564
4011.926025 0.000000 1360.233398 0.000000 0.972029 0.000000 -0.234860 0.590365 0.590365 0.590365
4039.931152 0.000000 1390.403931 0.000000 0.163805 0.000000 -0.986493 0.835777 0.835777 0.835777
4037.244141 0.000000 1391.786987 0.000000 0.170178 0.000000 -0.985413 0.697998 0.697998 0.697998
4031.858643 0.000000 1387.419434 0.000000 0.972596 0.000000 -0.232503 0.565788 0.565788 0.565788
4040.558838 0.000000 1386.988770 0.000000 0.736704 0.000000 -0.676216 0.629535 0.629535 0.629535
4039.020020 0.000000 1391.837280 0.000000 0.786529 0.000000 -0.617553 0.685268 0.685268 0.685268
4038.149658 0.000000 1390.824341 0.000000 0.699099 0.000000 -0.715025 0.711897 0.711897 0.711897
4383.614746 0.000000 1975.280396 0.000000 0.975985 0.000000 -0.217837 0.562363 0.562363 0.562363
4380.142578 0.000000 1974.903809 0.000000 0.134900 0.000000 -0.990859 0.796383 0.796383 0.796383
4371.426758 0.000000 1995.612915 0.000000 0.907519 0.000000 -0.420012 0.591068 0.591068 0.591068
4367.448730 0.000000 1991.485229 0.000000 0.114645 0.000000 -0.993407 0.659950 0.659950 0.659950
4373.328613 0.000000 1979.202881 0.000000 0.204313 0.000000 -0.978906 0.849893 0.849893 0.849893
4375.693359 0.000000 1978.024414 0.000000 0.116377 0.000000 -0.993205 0.881453 0.881453 0.881453
4628.631836 0.000000 1810.577515 0.000000 0.799218 0.000000 -0.601041 0.563281 0.563281 0.563281
4628.118164 0.000000 1818.918823 0.000000 0.742785 0.000000 -0.669530 0.588276 0.588276 0.588276
4624.268555 0.000000 1840.632568 0.000000 0.969660 0.000000 -0.244456 0.556782 0.556782 0.556782
4592.083008 0.000000 1860.716064 0.000000 0.048762 0.000000 -0.998810 0.673303 0.673303 0.673303
4594.241699 0.000000 1874.650024 0.000000 0.701822 0.000000 -0.712352 0.567419 0.567419 0.567419
4637.559082 0.000000 1839.605713 0.000000 0.842853 0.000000 -0.538143 0.635046 0.635046 0.635046
4630.860840 0.000000 1808.711304 0.000000 0.203389 0.000000 -0.979098 0.823842 0.823842 0.823842
4594.086914 0.000000 1862.760620 0.000000 0.624948 0.000000 -0.780666 0.591818 0.591818 0.591818
4610.280762 0.000000 1829.028320 0.000000 0.890301 0.000000 -0.455372 0.592197 0.592197 0.592197
4629.318848 0.000000 1817.023560 0.000000 0.556707 0.000000 -0.830709 0.652308 0.652308 0.652308
4635.646973 0.000000 1839.259277 0.000000 0.493443 0.000000 -0.869778 0.651380 0.651380 0.651380
4620.009277 0.000000 1879.033081 0.000000 0.960221 0.000000 -0.279243 0.589637 0.589637 0.589637
4632.367676 0.000000 1821.195679 0.000000 0.200914 0.000000 -0.979609 0.734151 0.734151 0.734151
4631.840820 0.000000 1819.324341 0.000000 0.554132 0.000000 -0.832429 0.717451 0.717451 0.717451
4592.774414 0.000000 1864.149658 0.000000 0.416300 0.000000 -0.909227 0.786661 0.786661 0.786661
4627.617676 0.000000 1816.816406 0.000000 0.784227 0.000000 -0.620474 0.685105 0.685105 0.685105
4621.470215 0.000000 1878.340942 0.000000 0.724832 0.000000 -0.688925 0.656444 0.656444 0.656444
4594.794434 0.000000 1864.258057 0.000000 0.388356 0.000000 -0.921510 0.728622 0.728622 0.728622
4639.252930 0.000000 1844.039551 0.000000 0.018896 0.000000 -0.999821 0.809972 0.809972 0.809972
4395.015625 0.000000 1949.516113 0.000000 0.826471 0.000000 -0.562980 0.572170 0.572170 0.572170
4406.009766 0.000000 1947.021484 0.000000 0.614549 0.000000 -0.788879 0.648602 0.648602 0.648602
4399.053711 0.000000 1953.963135 0.000000 0.775366 0.000000 -0.631512 0.598803 0.598803 0.598803
4486.623047 0.000000 1974.516357 0.000000 0.859718 0.000000 -0.510769 0.569138 0.569138 0.569138
4403.064453 0.000000 1997.395630 0.000000 0.707018 0.000000 -0.707196 0.619031 0.619031 0.619031
4415.991211 0.000000 1988.986084 0.000000 0.456766 0.000000 -0.889587 0.700552 0.700552 0.700552
4437.486816 0.000000 2006.569092 0.000000 0.741404 0.000000 -0.671059 0.566162 0.566162 0.566162
4403.612793 0.000000 2060.021729 0.000000 0.005470 0.000000 -0.999985 0.635974 0.635974 0.635974
4441.198242 0.000000 2013.186523 0.000000 0.002572 0.000000 -0.999997 0.784713 0.784713 0.784713
4412.018066 0.000000 1992.108887 0.000000 0.760755 0.000000 -0.649039 0.711965 0.711965 0.711965
4423.131348 0.000000 1996.390747 0.000000 0.977049 0.000000 -0.213017 0.562969 0.562969 0.562969
4435.746094 0.000000 2022.838379 0.000000 0.244852 0.000000 -0.969560 0.646312 0.646312 0.646312
4430.741699 0.000000 2003.694458 0.000000 0.962166 0.000000 -0.272463 0.583723 0.583723 0.583723
4407.953125 0.000000 2046.659546 0.000000 0.970021 0.000000 -0.243021 0.584381 0.584381 0.584381
4402.886230 0.000000 2036.150757 0.000000 0.331311 0.000000 -0.943521 0.685454 0.685454 0.685454
4393.526855 0.000000 1988.723755 0.000000 0.350798 0.000000 -0.936451 0.661536 0.661536 0.661536
4435.219727 0.000000 2011.247681 0.000000 0.706201 0.000000 -0.708012 0.623453 0.623453 0.623453
4436.576172 0.000000 2008.905884 0.000000 0.595348 0.000000 -0.803468 0.675561 0.675561 0.675561
4403.594238 0.000000 2038.184570 0.000000 0.364345 0.000000 -0.931264 0.783561 0.783561 0.783561
4432.528320 0.000000 2023.181274 0.000000 0.233174 0.000000 -0.972435 0.863566 0.863566 0.863566
4419.506836 0.000000 1993.402710 0.000000 0.953335 0.000000 -0.301916 0.620329 0.620329 0.620329
4413.359863 0.000000 1993.689331 0.000000 0.308902 0.000000 -0.951094 0.838185 0.838185 0.838185
4387.081543 0.000000 2045.689209 0.000000 0.232227 0.000000 -0.972662 0.742681 0.742681 0.742681
4424.742676 0.000000 1995.350220 0.000000 0.801335 0.000000 -0.598217 0.631890 0.631890 0.631890
4416.109863 0.000000 1992.609497 0.000000 0.265547 0.000000 -0.964098 0.848565 0.848565 0.848565
4392.049805 0.000000 2047.309692 0.000000 0.952308 0.000000 -0.305140 0.601519 0.601519 0.601519
4423.301270 0.000000 2026.443604 0.000000 0.118036 0.000000 -0.993009 0.811267 0.811267 0.811267
4407.043457 0.000000 2053.493652 0.000000 0.115408 0.000000 -0.993318 0.893663 0.893663 0.893663
4412.842773 0.000000 1995.108643 0.000000 0.031804 0.000000 -0.999494 0.820488 0.820488 0.820488
4407.515137 0.000000 2055.883789 0.000000 0.393174 0.000000 -0.919464 0.756660 0.756660 0.756660
4419.318848 0.000000 1992.076538 0.000000 0.964836 0.000000 -0.262854 0.610991 0.610991 0.610991
4491.376465 0.000000 1992.294556 0.000000 0.720073 0.000000 -0.693898 0.598439 0.598439 0.598439
4486.499023 0.000000 1984.997314 0.000000 0.007520 0.000000 -0.999972 0.642301 0.642301 0.642301
4488.510742 0.000000 1991.471802 0.000000 0.956888 0.000000 -0.290456 0.583182 0.583182 0.583182
4540.236328 0.000000 1902.380615 0.000000 0.753944 0.000000 -0.656939 0.556889 0.556889 0.556889
4535.446289 0.000000 1896.258789 0.000000 0.399381 0.000000 -0.916785 0.565927 0.565927 0.565927
4518.948730 0.000000 1959.096802 0.000000 0.976378 0.000000 -0.216068 0.598445 0.598445 0.598445
4522.901855 0.000000 1962.163086 0.000000 0.535888 0.000000 -0.844289 0.635578 0.635578 0.635578
4540.225098 0.000000 1941.484253 0.000000 0.122161 0.000000 -0.992510 0.699153 0.699153 0.699153
4543.115723 0.000000 1938.660645 0.000000 0.880172 0.000000 -0.474655 0.583276 0.583276 0.583276
4614.328613 0.000000 1901.491821 0.000000 0.835197 0.000000 -0.549950 0.585181 0.585181 0.585181
4601.444336 0.000000 1953.755371 0.000000 0.937111 0.000000 -0.349032 0.613643 0.613643 0.613643
4606.054199 0.000000 1925.635864 0.000000 0.982683 0.000000 -0.185296 0.590946 0.590946 0.590946
4583.839844 0.000000 1946.958374 0.000000 0.936931 0.000000 -0.349514 0.557354 0.557354 0.557354
4625.829102 0.000000 1943.622314 0.000000 0.780620 0.000000 -0.625006 0.598206 0.598206 0.598206
4597.407227 0.000000 1954.308228 0.000000 0.489124 0.000000 -0.872214 0.641671 0.641671 0.641671
4612.178223 0.000000 1909.470337 0.000000 0.979925 0.000000 -0.199369 0.588033 0.588033 0.588033
4597.934570 0.000000 1923.726440 0.000000 0.802374 0.000000 -0.596822 0.577223 0.577223 0.577223
4629.204590 0.000000 1949.988281 0.000000 0.693098 0.000000 -0.720843 0.586477 0.586477 0.586477
4604.430176 0.000000 1923.019287 0.000000 0.910501 0.000000 -0.413506 0.612048 0.612048 0.612048
4579.073730 0.000000 1975.751099 0.000000 0.733159 0.000000 -0.680057 0.598262 0.598262 0.598262
4599.241699 0.000000 1952.907349 0.000000 0.136726 0.000000 -0.990609 0.664175 0.664175 0.664175
4595.988281 0.000000 1955.866577 0.000000 0.984280 0.000000 -0.176617 0.564384 0.564384 0.564384
4638.610352 0.000000 1911.716797 0.000000 0.223641 0.000000 -0.974672 0.760577 0.760577 0.760577
4611.858887 0.000000 1962.181274 0.000000 0.852034 0.000000 -0.523486 0.625649 0.625649 0.625649
4599.143555 0.000000 1954.697144 0.000000 0.925738 0.000000 -0.378166 0.622421 0.622421 0.622421
4627.531250 0.000000 1933.954590 0.000000 0.381261 0.000000 -0.924468 0.747611 0.747611 0.747611
4599.287598 0.000000 1957.430542 0.000000 0.661345 0.000000 -0.750081 0.714215 0.714215 0.714215
4613.901855 0.000000 1998.606934 0.000000 0.258149 0.000000 -0.966105 0.557193 0.557193 0.557193
4615.005859 0.000000 1992.844238 0.000000 0.969728 0.000000 -0.244189 0.557452 0.557452 0.557452
4601.883301 0.000000 2013.750610 0.000000 0.530758 0.000000 -0.847523 0.690251 0.690251 0.690251
4584.008789 0.000000 1988.457397 0.000000 0.910594 0.000000 -0.413301 0.582178 0.582178 0.582178
4641.935547 0.000000 2002.064819 0.000000 0.770127 0.000000 -0.637891 0.608891 0.608891 0.608891
4590.844727 0.000000 2009.369019 0.000000 0.420000 0.000000 -0.907524 0.628085 0.628085 0.628085
4603.008301 0.000000 2011.380859 0.000000 0.926767 0.000000 -0.375637 0.599175 0.599175 0.599175
4614.423828 0.000000 1995.725098 0.000000 0.920036 0.000000 -0.391834 0.601967 0.601967 0.601967
4611.803711 0.000000 2006.435669 0.000000 0.760751 0.000000 -0.649043 0.653775 0.653775 0.653775
4600.213379 0.000000 2013.353882 0.000000 0.847428 0.000000 -0.530911 0.627617 0.627617 0.627617
4613.802734 0.000000 2001.350586 0.000000 0.008228 0.000000 -0.999966 0.867544 0.867544 0.867544
4589.310547 0.000000 2013.676880 0.000000 0.827663 0.000000 -0.561226 0.655546 0.655546 0.655546
4642.925293 0.000000 2006.273682 0.000000 0.066438 0.000000 -0.997791 0.832983 0.832983 0.832983
4701.197266 0.000000 1457.886475 0.000000 0.808561 0.000000 -0.588412 0.572459 0.572459 0.572459
4692.610352 0.000000 1474.981323 0.000000 0.092472 0.000000 -0.995715 0.592624 0.592624 0.592624
4819.866211 0.000000 1713.746216 0.000000 0.852857 0.000000 -0.522145 0.573384 0.573384 0.573384
4825.111328 0.000000 1717.269043 0.000000 0.635382 0.000000 -0.772198 0.591190 0.591190 0.591190
4804.598633 0.000000 1719.233032 0.000000 0.745218 0.000000 -0.666821 0.562027 0.562027 0.562027
4849.352539 0.000000 1712.560791 0.000000 0.753744 0.000000 -0.657168 0.620890 0.620890 0.620890
4862.390625 0.000000 1712.704346 0.000000 0.767539 0.000000 -0.641003 0.626433 0.626433 0.626433
4680.797852 0.000000 1787.314087 0.000000 0.829132 0.000000 -0.559053 0.642863 0.642863 0.642863
4672.967285 0.000000 1772.257935 0.000000 0.982547 0.000000 -0.186012 0.563359 0.563359 0.563359
4696.217773 0.000000 1881.634888 0.000000 0.284861 0.000000 -0.958569 0.784110 0.784110 0.784110
4675.785156 0.000000 1847.108887 0.000000 0.305477 0.000000 -0.952200 0.816512 0.816512 0.816512
4679.975586 0.000000 1813.028564 0.000000 0.765066 0.000000 -0.643952 0.609563 0.609563 0.609563
4673.329590 0.000000 1847.593994 0.000000 0.809181 0.000000 -0.587560 0.682804 0.682804 0.682804
4645.331543 0.000000 1808.577515 0.000000 0.817186 0.000000 -0.576374 0.608200 0.608200 0.608200
4649.794434 0.000000 1809.658691 0.000000 0.729142 0.000000 -0.684363 0.626586 0.626586 0.626586
4672.270996 0.000000 1846.202148 0.000000 0.834761 0.000000 -0.550613 0.673301 0.673301 0.673301
4650.775391 0.000000 1806.591919 0.000000 0.541915 0.000000 -0.840434 0.696640 0.696640 0.696640
4646.547852 0.000000 1808.033203 0.000000 0.294416 0.000000 -0.955677 0.782287 0.782287 0.782287
4718.598633 0.000000 1881.120239 0.000000 0.435243 0.000000 -0.900313 0.597695 0.597695 0.597695
4717.980957 0.000000 1878.025635 0.000000 0.934846 0.000000 -0.355053 0.615788 0.615788 0.615788
4716.004883 0.000000 1878.206055 0.000000 0.098968 0.000000 -0.995091 0.816739 0.816739 0.816739
4719.452148 0.000000 1871.552002 0.000000 0.793178 0.000000 -0.608990 0.681267 0.681267 0.681267
4717.553711 0.000000 1879.740723 0.000000 0.914407 0.000000 -0.404797 0.625537 0.625537 0.625537
4832.704102 0.000000 1734.890137 0.000000 0.892773 0.000000 -0.450507 0.555134 0.555134 0.555134
4824.296387 0.000000 1719.722046 0.000000 0.983622 0.000000 -0.180246 0.575632 0.575632 0.575632
4808.482422 0.000000 1734.891113 0.000000 0.792351 0.000000 -0.610066 0.576128 0.576128 0.576128
4831.104980 0.000000 1738.203125 0.000000 0.953437 0.000000 -0.301591 0.563882 0.563882 0.563882
4807.203613 0.000000 1733.037109 0.000000 0.186668 0.000000 -0.982423 0.669639 0.669639 0.669639
4800.312988 0.000000 1735.736206 0.000000 0.370191 0.000000 -0.928955 0.749612 0.749612 0.749612
4797.900391 0.000000 1754.775024 0.000000 0.909110 0.000000 -0.416557 0.624335 0.624335 0.624335
4777.316406 0.000000 1860.973999 0.000000 0.489664 0.000000 -0.871911 0.583448 0.583448 0.583448
4783.344238 0.000000 1820.895874 0.000000 0.238563 0.000000 -0.971127 0.800176 0.800176 0.800176
4663.732422 0.000000 1977.615479 0.000000 0.968947 0.000000 -0.247268 0.576760 0.576760 0.576760
4664.571289 0.000000 1944.023804 0.000000 0.579436 0.000000 -0.815018 0.667741 0.667741 0.667741
4686.856445 0.000000 1970.772339 0.000000 0.758075 0.000000 -0.652167 0.576339 0.576339 0.576339
4674.959961 0.000000 1919.275513 0.000000 0.109352 0.000000 -0.994003 0.658346 0.658346 0.658346
4689.479004 0.000000 1964.826416 0.000000 0.508213 0.000000 -0.861232 0.759453 0.759453 0.759453
4650.381836 0.000000 1900.563843 0.000000 0.764128 0.000000 -0.645064 0.592358 0.592358 0.592358
4689.411621 0.000000 1929.090210 0.000000 0.056153 0.000000 -0.998422 0.653986 0.653986 0.653986
4672.100098 0.000000 1938.660645 0.000000 0.277866 0.000000 -0.960620 0.663295 0.663295 0.663295
4705.910156 0.000000 1940.163696 0.000000 0.981613 0.000000 -0.190883 0.576108 0.576108 0.576108
4686.526855 0.000000 1968.582520 0.000000 0.483537 0.000000 -0.875324 0.800322 0.800322 0.800322
4693.413086 0.000000 1907.621582 0.000000 0.698939 0.000000 -0.715182 0.672551 0.672551 0.672551
4648.886719 0.000000 1920.244019 0.000000 0.841026 0.000000 -0.540995 0.614361 0.614361 0.614361
4705.430176 0.000000 1944.193359 0.000000 0.428934 0.000000 -0.903336 0.706363 0.706363 0.706363
4704.126465 0.000000 1940.308960 0.000000 0.982707 0.000000 -0.185169 0.575317 0.575317 0.575317
4691.202637 0.000000 1929.012939 0.000000 0.477134 0.000000 -0.878830 0.675281 0.675281 0.675281
4689.956543 0.000000 1966.530884 0.000000 0.204569 0.000000 -0.978852 0.870449 0.870449 0.870449
4687.353516 0.000000 1967.025146 0.000000 0.737450 0.000000 -0.675401 0.637562 0.637562 0.637562
4688.543457 0.000000 1966.178223 0.000000 0.785609 0.000000 -0.618724 0.706639 0.706639 0.706639
4670.313477 0.000000 1940.609497 0.000000 0.859043 0.000000 -0.511904 0.659948 0.659948 0.659948
4670.496582 0.000000 1941.938232 0.000000 0.192775 0.000000 -0.981243 0.831684 0.831684 0.831684
4695.825195 0.000000 1928.060669 0.000000 0.704093 0.000000 -0.710108 0.731073 0.731073 0.731073
4694.680664 0.000000 1928.774780 0.000000 0.981147 0.000000 -0.193261 0.594597 0.594597 0.594597
4739.401855 0.000000 1956.382812 0.000000 0.726029 0.000000 -0.687664 0.667653 0.667653 0.667653
4720.045410 0.000000 1894.425293 0.000000 0.486176 0.000000 -0.873861 0.685755 0.685755 0.685755
4741.673340 0.000000 1956.306519 0.000000 0.674190 0.000000 -0.738558 0.648122 0.648122 0.648122
4725.080078 0.000000 1897.612427 0.000000 0.381122 0.000000 -0.924525 0.684457 0.684457 0.684457
4747.202148 0.000000 1919.280518 0.000000 0.557226 0.000000 -0.830361 0.699329 0.699329 0.699329
4716.780273 0.000000 1920.403564 0.000000 0.982591 0.000000 -0.185782 0.579251 0.579251 0.579251
4715.104492 0.000000 1923.386597 0.000000 0.634383 0.000000 -0.773019 0.753827 0.753827 0.753827
4697.142578 0.000000 2022.066162 0.000000 0.147632 0.000000 -0.989042 0.735573 0.735573 0.735573
4703.719727 0.000000 1992.843262 0.000000 0.859336 0.000000 -0.511411 0.599387 0.599387 0.599387
4707.583008 0.000000 1985.926147 0.000000 0.838782 0.000000 -0.544468 0.570555 0.570555 0.570555
4695.819336 0.000000 2015.335327 0.000000 0.699363 0.000000 -0.714767 0.560934 0.560934 0.560934
4706.607422 0.000000 1981.801147 0.000000 0.194226 0.000000 -0.980957 0.655754 0.655754 0.655754
4649.996582 0.000000 1994.816528 0.000000 0.954571 0.000000 -0.297983 0.562464 0.562464 0.562464
4693.714844 0.000000 2022.838379 0.000000 0.808596 0.000000 -0.588365 0.705471 0.705471 0.705471
4704.994629 0.000000 1987.447876 0.000000 0.453581 0.000000 -0.891215 0.622501 0.622501 0.622501
4694.270996 0.000000 2017.119019 0.000000 0.606106 0.000000 -0.795384 0.632079 0.632079 0.632079
4691.948730 0.000000 2027.042236 0.000000 0.904719 0.000000 -0.426008 0.597133 0.597133 0.597133
4648.778320 0.000000 1999.780273 0.000000 0.916304 0.000000 -0.400484 0.615065 0.615065 0.615065
4662.791992 0.000000 2001.611328 0.000000 0.715986 0.000000 -0.698115 0.634886 0.634886 0.634886
4702.190430 0.000000 1981.682373 0.000000 0.163393 0.000000 -0.986561 0.702588 0.702588 0.702588
4670.503906 0.000000 2013.438354 0.000000 0.797960 0.000000 -0.602710 0.659255 0.659255 0.659255
4699.161133 0.000000 2029.116211 0.000000 0.036107 0.000000 -0.999348 0.904022 0.904022 0.904022
4646.546875 0.000000 2012.548584 0.000000 0.700500 0.000000 -0.713653 0.710407 0.710407 0.710407
4692.335938 0.000000 2022.229980 0.000000 0.098996 0.000000 -0.995088 0.913727 0.913727 0.913727
4698.391113 0.000000 2027.801758 0.000000 0.069863 0.000000 -0.997557 0.923015 0.923015 0.923015
4710.857910 0.000000 1992.646484 0.000000 0.931177 0.000000 -0.364568 0.584843 0.584843 0.584843
4757.866699 0.000000 2019.343628 0.000000 0.399357 0.000000 -0.916795 0.680607 0.680607 0.680607
4709.168945 0.000000 1988.555176 0.000000 0.765659 0.000000 -0.643246 0.601809 0.601809 0.601809
4707.964844 0.000000 1982.098877 0.000000 0.695872 0.000000 -0.718166 0.573102 0.573102 0.573102
4759.707031 0.000000 2057.424805 0.000000 0.950131 0.000000 -0.311851 0.557403 0.557403 0.557403
4757.705566 0.000000 2039.255615 0.000000 0.947363 0.000000 -0.320162 0.566557 0.566557 0.566557
4757.789062 0.000000 2028.533081 0.000000 0.946897 0.000000 -0.321536 0.587307 0.587307 0.587307
4766.959473 0.000000 2062.565430 0.000000 0.442142 0.000000 -0.896945 0.629456 0.629456 0.629456
4761.715820 0.000000 2048.784424 0.000000 0.897894 0.000000 -0.440212 0.593188 0.593188 0.593188
4714.874023 0.000000 1986.548218 0.000000 0.339235 0.000000 -0.940702 0.618947 0.618947 0.618947
4713.316406 0.000000 1992.212036 0.000000 0.914900 0.000000 -0.403681 0.588799 0.588799 0.588799
4713.450195 0.000000 2001.760620 0.000000 0.123635 0.000000 -0.992328 0.881773 0.881773 0.881773
4715.987793 0.000000 1988.723755 0.000000 0.931810 0.000000 -0.362946 0.589781 0.589781 0.589781
4755.622070 0.000000 2040.522339 0.000000 0.626546 0.000000 -0.779385 0.702163 0.702163 0.702163
4718.717773 0.000000 2057.881104 0.000000 0.043693 0.000000 -0.999045 0.942111 0.942111 0.942111
4721.272949 0.000000 2003.720947 0.000000 0.530388 0.000000 -0.847755 0.690311 0.690311 0.690311
4768.795898 0.000000 2061.892090 0.000000 0.333684 0.000000 -0.942685 0.781492 0.781492 0.781492
4721.831055 0.000000 1992.906738 0.000000 0.138392 0.000000 -0.990378 0.717129 0.717129 0.717129
4710.003906 0.000000 1994.264526 0.000000 0.756902 0.000000 -0.653529 0.691806 0.691806 0.691806
4729.197754 0.000000 2013.353882 0.000000 0.326555 0.000000 -0.945178 0.704708 0.704708 0.704708
4739.623535 0.000000 2012.485229 0.000000 0.873442 0.000000 -0.486928 0.620530 0.620530 0.620530
4714.936523 0.000000 2001.041992 0.000000 0.305331 0.000000 -0.952246 0.859815 0.859815 0.859815
4720.104492 0.000000 2010.931763 0.000000 0.770826 0.000000 -0.637045 0.668543 0.668543 0.668543
4712.021484 0.000000 1999.639526 0.000000 0.591940 0.000000 -0.805982 0.779096 0.779096 0.779096
4832.704102 0.000000 1906.858887 0.000000 0.400898 0.000000 -0.916123 0.578628 0.578628 0.578628
4797.287109 0.000000 1916.357300 0.000000 0.897193 0.000000 -0.441639 0.568843 0.568843 0.568843
4801.308105 0.000000 1922.520020 0.000000 0.803885 0.000000 -0.594785 0.634842 0.634842 0.634842
4788.261719 0.000000 1913.168457 0.000000 0.976162 0.000000 -0.217043 0.582745 0.582745 0.582745
4780.057129 0.000000 2063.136230 0.000000 0.881673 0.000000 -0.471861 0.558097 0.558097 0.558097
4787.540527 0.000000 2028.582764 0.000000 0.018181 0.000000 -0.999835 0.654463 0.654463 0.654463
4813.530273 0.000000 2016.853882 0.000000 0.748835 0.000000 -0.662757 0.603719 0.603719 0.603719
4831.104980 0.000000 1996.156250 0.000000 0.967340 0.000000 -0.253483 0.579911 0.579911 0.579911
4800.848145 0.000000 2014.751587 0.000000 0.476221 0.000000 -0.879325 0.666550 0.666550 0.666550
4800.667969 0.000000 1986.313965 0.000000 0.043289 0.000000 -0.999063 0.648578 0.648578 0.648578
4784.514648 0.000000 2029.628540 0.000000 0.964580 0.000000 -0.263789 0.610114 0.610114 0.610114
4796.043457 0.000000 2016.844116 0.000000 0.645427 0.000000 -0.763822 0.729028 0.729028 0.729028
4800.073242 0.000000 2020.675659 0.000000 0.080213 0.000000 -0.996778 0.648237 0.648237 0.648237
4823.836426 0.000000 2003.867310 0.000000 0.943306 0.000000 -0.331924 0.582985 0.582985 0.582985
4789.839355 0.000000 2036.150757 0.000000 0.726719 0.000000 -0.686934 0.645661 0.645661 0.645661
4835.625000 0.000000 2008.206177 0.000000 0.455886 0.000000 -0.890038 0.836307 0.836307 0.836307
4799.843750 0.000000 2029.232788 0.000000 0.890420 0.000000 -0.455140 0.609693 0.609693 0.609693
4788.520020 0.000000 2039.506836 0.000000 0.930193 0.000000 -0.367071 0.589223 0.589223 0.589223
4789.604492 0.000000 2028.163086 0.000000 0.881265 0.000000 -0.472623 0.615565 0.615565 0.615565
4794.502930 0.000000 2015.598999 0.000000 0.968631 0.000000 -0.248504 0.577242 0.577242 0.577242
4833.805664 0.000000 2008.434937 0.000000 0.082799 0.000000 -0.996566 0.938178 0.938178 0.938178
4831.381836 0.000000 2000.675659 0.000000 0.502279 0.000000 -0.864706 0.709206 0.709206 0.709206
4799.488281 0.000000 2013.438354 0.000000 0.939856 0.000000 -0.341571 0.590685 0.590685 0.590685
4831.131348 0.000000 1992.101440 0.000000 0.444929 0.000000 -0.895566 0.728277 0.728277 0.728277
4796.337402 0.000000 2009.565796 0.000000 0.235298 0.000000 -0.971923 0.857560 0.857560 0.857560
4835.855957 0.000000 2009.727783 0.000000 0.423468 0.000000 -0.905911 0.845725 0.845725 0.845725
4831.279785 0.000000 1993.604858 0.000000 0.871014 0.000000 -0.491258 0.632501 0.632501 0.632501
4784.596680 0.000000 2010.931763 0.000000 0.968212 0.000000 -0.250130 0.598252 0.598252 0.598252
4832.592285 0.000000 2009.105713 0.000000 0.318932 0.000000 -0.947778 0.875118 0.875118 0.875118
4837.739746 0.000000 2007.119263 0.000000 0.977658 0.000000 -0.210200 0.597981 0.597981 0.597981
4855.428711 0.000000 2013.001343 0.000000 0.679308 0.000000 -0.733853 0.656352 0.656352 0.656352
4859.852051 0.000000 2013.750610 0.000000 0.808439 0.000000 -0.588580 0.598389 0.598389 0.598389
4848.691406 0.000000 2012.344971 0.000000 0.167094 0.000000 -0.985941 0.590453 0.590453 0.590453
4837.437500 0.000000 1996.213623 0.000000 0.499064 0.000000 -0.866565 0.652197 0.652197 0.652197
4884.038086 0.000000 2005.851074 0.000000 0.891801 0.000000 -0.452427 0.584166 0.584166 0.584166
4853.964355 0.000000 1988.079956 0.000000 0.657592 0.000000 -0.753374 0.691752 0.691752 0.691752
4844.199707 0.000000 2005.588135 0.000000 0.856012 0.000000 -0.516956 0.599982 0.599982 0.599982
4846.359375 0.000000 2004.657104 0.000000 0.718214 0.000000 -0.695823 0.704277 0.704277 0.704277
4842.858398 0.000000 2003.829834 0.000000 0.744963 0.000000 -0.667105 0.709445 0.709445 0.709445
4852.265625 0.000000 2014.954590 0.000000 0.189967 0.000000 -0.981791 0.773542 0.773542 0.773542
4853.054199 0.000000 1993.571533 0.000000 0.122961 0.000000 -0.992411 0.786524 0.786524 0.786524
4840.597168 0.000000 2008.331177 0.000000 0.566938 0.000000 -0.823760 0.666968 0.666968 0.666968
4856.135742 0.000000 2011.406494 0.000000 0.861097 0.000000 -0.508441 0.623970 0.623970 0.623970
4861.089355 0.000000 1988.667358 0.000000 0.187949 0.000000 -0.982179 0.760594 0.760594 0.760594
4412.802246 0.000000 2063.903076 0.000000 0.984746 0.000000 -0.173995 0.552161 0.552161 0.552161
4417.265137 0.000000 2100.228516 0.000000 0.748711 0.000000 -0.662896 0.581842 0.581842 0.581842
4426.577148 0.000000 2102.838379 0.000000 0.951424 0.000000 -0.307884 0.619617 0.619617 0.619617
4444.573730 0.000000 2118.963135 0.000000 0.864651 0.000000 -0.502372 0.565900 0.565900 0.565900
4408.726562 0.000000 2071.518799 0.000000 0.908599 0.000000 -0.417669 0.586090 0.586090 0.586090
4413.714844 0.000000 2072.298584 0.000000 0.086537 0.000000 -0.996249 0.790471 0.790471 0.790471
4419.471680 0.000000 2103.121338 0.000000 0.656492 0.000000 -0.754333 0.669697 0.669697 0.669697
4428.967285 0.000000 2102.360596 0.000000 0.637384 0.000000 -0.770546 0.634554 0.634554 0.634554
4413.609863 0.000000 2075.195312 0.000000 0.069113 0.000000 -0.997609 0.719075 0.719075 0.719075
4432.528320 0.000000 2109.165771 0.000000 0.951393 0.000000 -0.307980 0.579661 0.579661 0.579661
4410.471680 0.000000 2063.638184 0.000000 0.714905 0.000000 -0.699222 0.632930 0.632930 0.632930
4433.979980 0.000000 2113.026855 0.000000 0.901401 0.000000 -0.432985 0.605954 0.605954 0.605954
4410.053711 0.000000 2072.915527 0.000000 0.083623 0.000000 -0.996497 0.770526 0.770526 0.770526
4429.428711 0.000000 2104.517822 0.000000 0.911020 0.000000 -0.412363 0.615367 0.615367 0.615367
4446.885742 0.000000 2108.757080 0.000000 0.865300 0.000000 -0.501254 0.627141 0.627141 0.627141
4412.785645 0.000000 2073.763916 0.000000 0.230735 0.000000 -0.973017 0.766785 0.766785 0.766785
4432.723633 0.000000 2106.084717 0.000000 0.902914 0.000000 -0.429821 0.640899 0.640899 0.640899
4427.696289 0.000000 2102.230713 0.000000 0.212096 0.000000 -0.977249 0.851872 0.851872 0.851872
4503.666016 0.000000 2108.050537 0.000000 0.601830 0.000000 -0.798624 0.688444 0.688444 0.688444
4498.541016 0.000000 2095.157715 0.000000 0.666332 0.000000 -0.745655 0.601997 0.601997 0.601997
4493.764648 0.000000 2092.733887 0.000000 0.938750 0.000000 -0.344598 0.595409 0.595409 0.595409
4488.413086 0.000000 2113.910156 0.000000 0.305523 0.000000 -0.952185 0.586341 0.586341 0.586341
4489.174316 0.000000 2106.195312 0.000000 0.353479 0.000000 -0.935443 0.591519 0.591519 0.591519
4488.322754 0.000000 2100.606201 0.000000 0.590053 0.000000 -0.807365 0.651931 0.651931 0.651931
4497.084961 0.000000 2091.835449 0.000000 0.011407 0.000000 -0.999935 0.759838 0.759838 0.759838
4468.950195 0.000000 2095.695312 0.000000 0.912294 0.000000 -0.409536 0.569119 0.569119 0.569119
4467.249023 0.000000 2102.056396 0.000000 0.443986 0.000000 -0.896034 0.688791 0.688791 0.688791
4508.574707 0.000000 2097.558838 0.000000 0.431775 0.000000 -0.901981 0.611753 0.611753 0.611753
4492.356934 0.000000 2095.030518 0.000000 0.682003 0.000000 -0.731349 0.595054 0.595054 0.595054
4478.623535 0.000000 2110.629395 0.000000 0.956699 0.000000 -0.291078 0.588933 0.588933 0.588933
4490.418457 0.000000 2099.982666 0.000000 0.689791 0.000000 -0.724009 0.656719 0.656719 0.656719
4465.358887 0.000000 2093.022461 0.000000 0.435625 0.000000 -0.900128 0.722252 0.722252 0.722252
4490.025879 0.000000 2104.454590 0.000000 0.166854 0.000000 -0.985982 0.837075 0.837075 0.837075
4462.414062 0.000000 2109.192627 0.000000 0.750608 0.000000 -0.660747 0.733358 0.733358 0.733358
4490.353027 0.000000 2095.354736 0.000000 0.183157 0.000000 -0.983084 0.820360 0.820360 0.820360
4509.625977 0.000000 2083.685547 0.000000 0.505068 0.000000 -0.863080 0.662959 0.662959 0.662959
4507.000000 0.000000 2082.942383 0.000000 0.311187 0.000000 -0.950349 0.725680 0.725680 0.725680
4460.852539 0.000000 2108.573242 0.000000 0.956630 0.000000 -0.291305 0.625087 0.625087 0.625087
4456.210938 0.000000 2109.429932 0.000000 0.227892 0.000000 -0.973687 0.770941 0.770941 0.770941
4511.517090 0.000000 2084.289062 0.000000 0.594080 0.000000 -0.804406 0.698875 0.698875 0.698875
4460.767090 0.000000 2106.727295 0.000000 0.378454 0.000000 -0.925620 0.769230 0.769230 0.769230
4520.181641 0.000000 2094.418213 0.000000 0.951633 0.000000 -0.307236 0.581731 0.581731 0.581731
4514.976562 0.000000 2082.198242 0.000000 0.398204 0.000000 -0.917297 0.688721 0.688721 0.688721
4740.401367 0.000000 2094.412354 0.000000 0.887769 0.000000 -0.460289 0.560509 0.560509 0.560509
4764.166992 0.000000 2063.938232 0.000000 0.865279 0.000000 -0.501291 0.571630 0.571630 0.571630
4739.452148 0.000000 2091.244385 0.000000 0.961161 0.000000 -0.275990 0.594538 0.594538 0.594538
4747.073730 0.000000 2088.281006 0.000000 0.678345 0.000000 -0.734743 0.619125 0.619125 0.619125
4738.684082 0.000000 2093.276367 0.000000 0.984993 0.000000 -0.172593 0.574294 0.574294 0.574294
4729.949219 0.000000 2066.623779 0.000000 0.019261 0.000000 -0.999815 0.741737 0.741737 0.741737
4719.859863 0.000000 2102.930908 0.000000 0.710562 0.000000 -0.703635 0.678605 0.678605 0.678605
4744.994141 0.000000 2080.500000 0.000000 0.186855 0.000000 -0.982388 0.726586 0.726586 0.726586
4836.567383 0.000000 2071.910645 0.000000 0.656336 0.000000 -0.754469 0.562912 0.562912 0.562912
4835.515625 0.000000 2075.773438 0.000000 0.543961 0.000000 -0.839110 0.674408 0.674408 0.674408
4783.750488 0.000000 2089.239502 0.000000 0.804303 0.000000 -0.594219 0.647854 0.647854 0.647854
4835.899902 0.000000 2073.832764 0.000000 0.475753 0.000000 -0.879579 0.662180 0.662180 0.662180
4850.684082 0.000000 2074.580811 0.000000 0.962017 0.000000 -0.272991 0.572780 0.572780 0.572780
4841.977539 0.000000 2074.441895 0.000000 0.521474 0.000000 -0.853267 0.634217 0.634217 0.634217
4853.964355 0.000000 2074.064453 0.000000 0.894289 0.000000 -0.447489 0.596505 0.596505 0.596505
4849.355469 0.000000 2071.762939 0.000000 0.615733 0.000000 -0.787955 0.588628 0.588628 0.588628
4840.285156 0.000000 2076.153564 0.000000 0.786305 0.000000 -0.617839 0.600296 0.600296 0.600296
4854.912109 0.000000 2076.003418 0.000000 0.677962 0.000000 -0.735097 0.618035 0.618035 0.618035
4852.632812 0.000000 2075.473877 0.000000 0.839493 0.000000 -0.543371 0.607581 0.607581 0.607581
4839.000000 0.000000 2077.153076 0.000000 0.953116 0.000000 -0.302604 0.590946 0.590946 0.590946
"}
