object={
	name="tree_pine_impassable_01_a_generator_1_0"
	render_pass=Map
	clamp_to_water_level=no
	generated_content=yes
	layer="tree_high_layer"
	pdxmesh="tree_pine_impassable_01_a_mesh"
	count=116
	transform="3646.519043 0.000000 2686.481934 0.000000 0.350126 0.000000 -0.936703 0.400000 0.400000 0.400000
3644.034180 0.000000 2696.302979 0.000000 0.869993 0.000000 0.493064 0.400000 0.400000 0.400000
3619.009277 0.000000 2707.940430 0.000000 0.585866 0.000000 -0.810408 0.400000 0.400000 0.400000
3647.741699 0.000000 2699.613281 0.000000 0.999096 0.000000 0.042514 0.400000 0.400000 0.400000
3676.880615 0.000000 2694.994385 0.000000 0.850111 0.000000 0.526603 0.400000 0.400000 0.400000
3806.552490 0.000000 2661.420410 0.000000 0.282233 0.000000 -0.959346 0.400000 0.400000 0.400000
3809.383301 0.000000 2655.910889 0.000000 0.582706 0.000000 -0.812683 0.400000 0.400000 0.400000
3836.162598 0.000000 2649.559570 0.000000 0.984459 0.000000 0.175616 0.400000 0.400000 0.400000
3811.008301 0.000000 2650.669434 0.000000 0.999430 0.000000 0.033772 0.400000 0.400000 0.400000
3835.360596 0.000000 2653.999268 0.000000 0.176011 0.000000 -0.984388 0.400000 0.400000 0.400000
3807.967285 0.000000 2680.521729 0.000000 0.999273 0.000000 -0.038119 0.400000 0.400000 0.400000
3088.892334 0.000000 3091.589844 0.000000 0.320454 0.000000 0.947264 0.400000 0.400000 0.400000
3086.655029 0.000000 3078.500488 0.000000 0.020530 0.000000 -0.999789 0.400000 0.400000 0.400000
3086.020264 0.000000 3090.120605 0.000000 0.099948 0.000000 0.994993 0.400000 0.400000 0.400000
3090.162598 0.000000 3094.378174 0.000000 0.861111 0.000000 -0.508417 0.400000 0.400000 0.400000
3090.257812 0.000000 3097.750732 0.000000 0.317214 0.000000 -0.948354 0.400000 0.400000 0.400000
2832.289062 0.000000 3441.688232 0.000000 0.356036 0.000000 -0.934472 0.400000 0.400000 0.400000
3036.066162 0.000000 3499.957764 0.000000 0.923877 0.000000 0.382690 0.400000 0.400000 0.400000
3093.636719 0.000000 3553.409424 0.000000 0.325316 0.000000 -0.945605 0.400000 0.400000 0.400000
3094.123047 0.000000 3549.783691 0.000000 0.109883 0.000000 -0.993945 0.400000 0.400000 0.400000
3255.187500 0.000000 2984.342773 0.000000 0.766116 0.000000 0.642703 0.400000 0.400000 0.400000
3235.278320 0.000000 2998.917236 0.000000 0.832394 0.000000 -0.554184 0.400000 0.400000 0.400000
3254.023193 0.000000 3002.333984 0.000000 0.966829 0.000000 -0.255426 0.400000 0.400000 0.400000
3238.341797 0.000000 3005.868164 0.000000 0.999960 0.000000 0.008910 0.400000 0.400000 0.400000
3252.186035 0.000000 3004.403809 0.000000 0.383136 0.000000 0.923692 0.400000 0.400000 0.400000
3341.881836 0.000000 2999.431885 0.000000 0.862009 0.000000 -0.506894 0.400000 0.400000 0.400000
3340.380371 0.000000 2995.650635 0.000000 0.401907 0.000000 0.915680 0.400000 0.400000 0.400000
3269.530029 0.000000 3012.692871 0.000000 0.274170 0.000000 0.961681 0.400000 0.400000 0.400000
3238.892578 0.000000 3010.758545 0.000000 0.987076 0.000000 0.160255 0.400000 0.400000 0.400000
3259.992676 0.000000 3019.288818 0.000000 0.269336 0.000000 -0.963046 0.400000 0.400000 0.400000
3263.886475 0.000000 3031.289795 0.000000 0.082622 0.000000 0.996581 0.400000 0.400000 0.400000
3266.951172 0.000000 3017.910889 0.000000 0.428735 0.000000 -0.903431 0.400000 0.400000 0.400000
3240.950684 0.000000 3013.525391 0.000000 0.995677 0.000000 0.092879 0.400000 0.400000 0.400000
3298.698242 0.000000 3018.446777 0.000000 0.503282 0.000000 0.864122 0.400000 0.400000 0.400000
3310.094727 0.000000 3014.055664 0.000000 0.778919 0.000000 0.627125 0.400000 0.400000 0.400000
3314.867432 0.000000 3014.829834 0.000000 0.505377 0.000000 0.862898 0.400000 0.400000 0.400000
3294.165039 0.000000 3020.270020 0.000000 0.571381 0.000000 0.820685 0.400000 0.400000 0.400000
3312.359375 0.000000 3017.346924 0.000000 0.678870 0.000000 -0.734259 0.400000 0.400000 0.400000
3384.171875 0.000000 2984.342773 0.000000 0.649374 0.000000 0.760469 0.400000 0.400000 0.400000
3359.836670 0.000000 2989.056396 0.000000 0.788580 0.000000 0.614932 0.400000 0.400000 0.400000
3383.007568 0.000000 3002.333984 0.000000 0.835757 0.000000 0.549100 0.400000 0.400000 0.400000
3354.370605 0.000000 2989.826660 0.000000 0.340277 0.000000 0.940325 0.400000 0.400000 0.400000
3379.482910 0.000000 3006.623047 0.000000 0.878279 0.000000 0.478149 0.400000 0.400000 0.400000
3358.527100 0.000000 2984.051514 0.000000 0.120186 0.000000 0.992751 0.400000 0.400000 0.400000
3387.065918 0.000000 2985.954834 0.000000 0.999898 0.000000 0.014295 0.400000 0.400000 0.400000
3356.951660 0.000000 2988.181641 0.000000 0.069648 0.000000 0.997572 0.400000 0.400000 0.400000
3380.927002 0.000000 3009.731201 0.000000 0.777783 0.000000 0.628533 0.400000 0.400000 0.400000
3374.586914 0.000000 3014.055664 0.000000 0.307277 0.000000 -0.951620 0.400000 0.400000 0.400000
3454.548828 0.000000 3135.587158 0.000000 0.190983 0.000000 0.981593 0.400000 0.400000 0.400000
3454.265137 0.000000 3129.535156 0.000000 0.340843 0.000000 -0.940120 0.400000 0.400000 0.400000
3449.558105 0.000000 3160.164062 0.000000 0.999548 0.000000 -0.030048 0.400000 0.400000 0.400000
3446.320801 0.000000 3163.709473 0.000000 0.946022 0.000000 -0.324102 0.400000 0.400000 0.400000
3497.435791 0.000000 3155.225342 0.000000 0.466474 0.000000 -0.884535 0.400000 0.400000 0.400000
3590.337891 0.000000 3377.419189 0.000000 0.892540 0.000000 -0.450968 0.400000 0.400000 0.400000
3576.323242 0.000000 3378.570557 0.000000 0.175334 0.000000 -0.984509 0.400000 0.400000 0.400000
3595.806396 0.000000 3378.580078 0.000000 0.635925 0.000000 0.771751 0.400000 0.400000 0.400000
3590.874023 0.000000 3382.499512 0.000000 0.941741 0.000000 0.336340 0.400000 0.400000 0.400000
3583.249512 0.000000 3387.488281 0.000000 0.793390 0.000000 -0.608713 0.400000 0.400000 0.400000
3598.824463 0.000000 3375.658691 0.000000 0.252490 0.000000 -0.967600 0.400000 0.400000 0.400000
3594.194580 0.000000 3381.601074 0.000000 0.088785 0.000000 0.996051 0.400000 0.400000 0.400000
3685.711182 0.000000 3402.804199 0.000000 0.367583 0.000000 0.929991 0.400000 0.400000 0.400000
3696.425781 0.000000 3393.156494 0.000000 0.090321 0.000000 0.995913 0.400000 0.400000 0.400000
3707.850830 0.000000 3389.994141 0.000000 0.526311 0.000000 0.850292 0.400000 0.400000 0.400000
3708.402344 0.000000 3394.827637 0.000000 0.223320 0.000000 0.974745 0.400000 0.400000 0.400000
3696.558350 0.000000 3399.230225 0.000000 0.933794 0.000000 0.357810 0.400000 0.400000 0.400000
3692.076904 0.000000 3401.700684 0.000000 0.997148 0.000000 -0.075474 0.400000 0.400000 0.400000
4041.783203 0.000000 3205.450439 0.000000 0.505302 0.000000 0.862942 0.400000 0.400000 0.400000
4125.511719 0.000000 3209.471924 0.000000 0.993790 0.000000 -0.111273 0.400000 0.400000 0.400000
4116.712891 0.000000 3225.847412 0.000000 0.567905 0.000000 -0.823094 0.400000 0.400000 0.400000
4110.452148 0.000000 3261.465088 0.000000 0.049809 0.000000 -0.998759 0.400000 0.400000 0.400000
4127.153320 0.000000 3189.707520 0.000000 0.895947 0.000000 -0.444160 0.400000 0.400000 0.400000
4112.694336 0.000000 3186.327637 0.000000 0.069379 0.000000 0.997590 0.400000 0.400000 0.400000
4094.530029 0.000000 3209.041260 0.000000 0.825581 0.000000 0.564284 0.400000 0.400000 0.400000
4105.601074 0.000000 3217.887939 0.000000 0.306772 0.000000 0.951783 0.400000 0.400000 0.400000
4109.479980 0.000000 3195.266602 0.000000 0.030503 0.000000 0.999535 0.400000 0.400000 0.400000
3926.917480 0.000000 3405.395752 0.000000 0.970022 0.000000 -0.243018 0.400000 0.400000 0.400000
3943.679932 0.000000 3402.804199 0.000000 0.777847 0.000000 -0.628453 0.400000 0.400000 0.400000
3970.486328 0.000000 3393.540283 0.000000 0.822408 0.000000 0.568899 0.400000 0.400000 0.400000
3968.979980 0.000000 3374.356934 0.000000 0.775954 0.000000 0.630790 0.400000 0.400000 0.400000
3976.262939 0.000000 3406.615967 0.000000 0.350781 0.000000 0.936457 0.400000 0.400000 0.400000
3982.603760 0.000000 3384.923340 0.000000 0.859850 0.000000 0.510547 0.400000 0.400000 0.400000
3993.468018 0.000000 3427.645996 0.000000 0.751616 0.000000 -0.659602 0.400000 0.400000 0.400000
3979.681152 0.000000 3393.456543 0.000000 0.623687 0.000000 0.781674 0.400000 0.400000 0.400000
3940.266357 0.000000 3418.978271 0.000000 0.945760 0.000000 0.324866 0.400000 0.400000 0.400000
3937.168213 0.000000 3360.435303 0.000000 0.170169 0.000000 0.985415 0.400000 0.400000 0.400000
3949.545654 0.000000 3360.674072 0.000000 0.976677 0.000000 0.214712 0.400000 0.400000 0.400000
3934.849365 0.000000 3382.869385 0.000000 0.332174 0.000000 -0.943218 0.400000 0.400000 0.400000
3944.692627 0.000000 3416.061035 0.000000 0.337342 0.000000 0.941382 0.400000 0.400000 0.400000
3975.131592 0.000000 3392.604004 0.000000 0.824041 0.000000 0.566530 0.400000 0.400000 0.400000
3137.336426 0.000000 3503.050049 0.000000 0.894425 0.000000 0.447219 0.400000 0.400000 0.400000
3140.320557 0.000000 3506.984863 0.000000 0.441340 0.000000 -0.897340 0.400000 0.400000 0.400000
3145.884277 0.000000 3497.707031 0.000000 0.352536 0.000000 -0.935798 0.400000 0.400000 0.400000
3095.727783 0.000000 3548.973633 0.000000 0.595533 0.000000 0.803331 0.400000 0.400000 0.400000
3095.627441 0.000000 3552.086670 0.000000 0.999990 0.000000 0.004371 0.400000 0.400000 0.400000
4008.112305 0.000000 3448.368652 0.000000 0.711854 0.000000 0.702327 0.400000 0.400000 0.400000
4144.235352 0.000000 3195.617188 0.000000 0.246660 0.000000 0.969102 0.400000 0.400000 0.400000
4162.883301 0.000000 3191.257568 0.000000 0.831519 0.000000 0.555496 0.400000 0.400000 0.400000
4151.453613 0.000000 3202.486084 0.000000 0.239074 0.000000 -0.971001 0.400000 0.400000 0.400000
4135.233398 0.000000 3195.058105 0.000000 0.078637 0.000000 0.996903 0.400000 0.400000 0.400000
4153.265625 0.000000 3186.798584 0.000000 0.546389 0.000000 -0.837532 0.400000 0.400000 0.400000
4150.757812 0.000000 3189.315674 0.000000 0.323117 0.000000 -0.946359 0.400000 0.400000 0.400000
4155.428711 0.000000 3493.537109 0.000000 0.939874 0.000000 0.341520 0.400000 0.400000 0.400000
4148.633789 0.000000 3491.742676 0.000000 0.998830 0.000000 0.048366 0.400000 0.400000 0.400000
4140.887695 0.000000 3486.703613 0.000000 0.746008 0.000000 0.665937 0.400000 0.400000 0.400000
4133.228516 0.000000 3556.152588 0.000000 0.325280 0.000000 0.945618 0.400000 0.400000 0.400000
4180.021484 0.000000 3534.211914 0.000000 0.072986 0.000000 0.997333 0.400000 0.400000 0.400000
4145.095703 0.000000 3545.114502 0.000000 0.560719 0.000000 0.828006 0.400000 0.400000 0.400000
4182.022461 0.000000 3529.615967 0.000000 0.541278 0.000000 -0.840844 0.400000 0.400000 0.400000
4131.924805 0.000000 3559.836670 0.000000 0.925635 0.000000 0.378417 0.400000 0.400000 0.400000
4215.945801 0.000000 3546.423584 0.000000 0.992076 0.000000 -0.125641 0.400000 0.400000 0.400000
4235.259766 0.000000 3549.387939 0.000000 0.959139 0.000000 0.282934 0.400000 0.400000 0.400000
4222.390625 0.000000 3546.150635 0.000000 0.696241 0.000000 0.717808 0.400000 0.400000 0.400000
4223.514648 0.000000 3552.978760 0.000000 0.513846 0.000000 -0.857883 0.400000 0.400000 0.400000
4216.131348 0.000000 3543.371582 0.000000 0.487372 0.000000 -0.873194 0.400000 0.400000 0.400000
4223.327637 0.000000 3548.715820 0.000000 0.527530 0.000000 -0.849536 0.400000 0.400000 0.400000
4509.405762 0.000000 3513.630371 0.000000 0.470789 0.000000 0.882246 0.400000 0.400000 0.400000
"}
