object={
	name="tree_mangrove_generator_3_0"
	render_pass=Map
	clamp_to_water_level=no
	generated_content=yes
	layer="tree_high_layer"
	pdxmesh="tree_mangrove_01_c_mesh"
	count=70
	transform="4102.956055 0.000000 1491.594360 0.000000 0.443949 0.000000 -0.896052 0.843261 0.843261 0.843261
3927.290771 0.000000 1715.839600 0.000000 0.145624 0.000000 -0.989340 0.823901 0.823901 0.823901
3929.229004 0.000000 1713.229980 0.000000 0.995252 0.000000 -0.097332 0.804731 0.804731 0.804731
3996.527344 0.000000 1661.753052 0.000000 0.862164 0.000000 0.506629 0.788540 0.788540 0.788540
3934.070068 0.000000 1705.530518 0.000000 0.569722 0.000000 -0.821837 0.867623 0.867623 0.867623
3940.266357 0.000000 1699.290527 0.000000 0.098736 0.000000 0.995114 0.717099 0.717099 0.717099
3986.405518 0.000000 1671.397827 0.000000 0.988832 0.000000 0.149033 0.787273 0.787273 0.787273
3981.885498 0.000000 1681.203735 0.000000 0.888406 0.000000 -0.459059 0.854010 0.854010 0.854010
3965.146973 0.000000 1703.731445 0.000000 0.633460 0.000000 -0.773776 0.846122 0.846122 0.846122
3974.955322 0.000000 1692.062622 0.000000 0.316576 0.000000 -0.948567 0.957116 0.957116 0.957116
3970.511475 0.000000 1695.150757 0.000000 0.983765 0.000000 -0.179463 0.818920 0.818920 0.818920
3935.418213 0.000000 1696.129761 0.000000 0.637652 0.000000 0.770325 0.766280 0.766280 0.766280
3989.752930 0.000000 1669.249023 0.000000 0.891194 0.000000 0.453622 0.744707 0.744707 0.744707
3965.495605 0.000000 1698.429688 0.000000 0.991039 0.000000 -0.133571 0.805137 0.805137 0.805137
3936.873779 0.000000 1703.029785 0.000000 0.928429 0.000000 0.371510 0.753246 0.753246 0.753246
3973.618896 0.000000 1694.958374 0.000000 0.897835 0.000000 -0.440331 0.823496 0.823496 0.823496
3967.495605 0.000000 1696.189209 0.000000 0.647576 0.000000 0.762001 0.744973 0.744973 0.744973
3994.020020 0.000000 1658.329956 0.000000 0.995721 0.000000 -0.092410 0.805656 0.805656 0.805656
3965.985840 0.000000 1701.101074 0.000000 0.999767 0.000000 0.021595 0.798098 0.798098 0.798098
4039.415283 0.000000 1679.559448 0.000000 0.989398 0.000000 0.145229 0.777732 0.777732 0.777732
4006.241211 0.000000 1670.137329 0.000000 0.497934 0.000000 0.867215 0.684915 0.684915 0.684915
3999.341553 0.000000 1663.181763 0.000000 0.860394 0.000000 -0.509630 0.814098 0.814098 0.814098
4034.641602 0.000000 1678.642212 0.000000 0.418711 0.000000 0.908119 0.744732 0.744732 0.744732
4056.162842 0.000000 1696.941284 0.000000 0.744283 0.000000 0.667864 0.760562 0.760562 0.760562
4002.940430 0.000000 1668.180176 0.000000 0.666398 0.000000 -0.745596 0.862012 0.862012 0.862012
4037.728760 0.000000 1676.273315 0.000000 0.425480 0.000000 -0.904968 0.913878 0.913878 0.913878
4048.774902 0.000000 1692.035156 0.000000 0.999993 0.000000 -0.003827 0.800326 0.800326 0.800326
4054.323486 0.000000 1694.143433 0.000000 0.378946 0.000000 -0.925419 0.874372 0.874372 0.874372
4069.529541 0.000000 1691.611206 0.000000 0.442650 0.000000 -0.896695 0.889967 0.889967 0.889967
4069.420898 0.000000 1686.537231 0.000000 0.062078 0.000000 -0.998071 0.912091 0.912091 0.912091
3931.452393 0.000000 1719.726440 0.000000 0.195798 0.000000 0.980644 0.683120 0.683120 0.683120
3935.010742 0.000000 1720.236938 0.000000 0.945023 0.000000 -0.327004 0.804790 0.804790 0.804790
3964.601562 0.000000 1780.561523 0.000000 0.375242 0.000000 -0.926927 0.927926 0.927926 0.927926
3942.082520 0.000000 1722.317139 0.000000 0.959266 0.000000 -0.282506 0.835866 0.835866 0.835866
3954.309814 0.000000 1786.906372 0.000000 0.882002 0.000000 -0.471246 0.812937 0.812937 0.812937
3938.917969 0.000000 1774.989624 0.000000 0.389757 0.000000 -0.920918 0.901687 0.901687 0.901687
3937.763428 0.000000 1765.854370 0.000000 0.047002 0.000000 0.998895 0.635659 0.635659 0.635659
3961.533447 0.000000 1784.776489 0.000000 0.646254 0.000000 0.763122 0.724577 0.724577 0.724577
3983.960449 0.000000 1761.390503 0.000000 0.979877 0.000000 0.199602 0.771344 0.771344 0.771344
3960.572754 0.000000 1734.155762 0.000000 0.835630 0.000000 0.549292 0.732753 0.732753 0.732753
3940.931396 0.000000 1725.978394 0.000000 0.900188 0.000000 0.435501 0.781371 0.781371 0.781371
3976.616699 0.000000 1756.153564 0.000000 0.891981 0.000000 -0.452072 0.824734 0.824734 0.824734
3990.903809 0.000000 1758.254639 0.000000 0.312275 0.000000 0.949992 0.725662 0.725662 0.725662
3956.507812 0.000000 1788.706421 0.000000 0.935283 0.000000 0.353901 0.775508 0.775508 0.775508
3962.340820 0.000000 1782.306763 0.000000 0.998757 0.000000 -0.049835 0.804242 0.804242 0.804242
3946.139160 0.000000 1722.456543 0.000000 0.111117 0.000000 -0.993807 0.925922 0.925922 0.925922
4829.632812 0.000000 1829.037109 0.000000 0.996595 0.000000 0.082449 0.795005 0.795005 0.795005
4827.790527 0.000000 1834.252563 0.000000 0.979471 0.000000 -0.201583 0.813499 0.813499 0.813499
4827.146484 0.000000 1828.299683 0.000000 0.866405 0.000000 -0.499342 0.837279 0.837279 0.837279
4837.901367 0.000000 1806.221313 0.000000 0.999992 0.000000 0.004071 0.799854 0.799854 0.799854
4854.602051 0.000000 1861.492920 0.000000 0.239797 0.000000 0.970823 0.747459 0.747459 0.747459
4854.331543 0.000000 1864.182007 0.000000 0.296728 0.000000 0.954962 0.717087 0.717087 0.717087
4855.255371 0.000000 1893.017334 0.000000 0.036567 0.000000 0.999331 0.704397 0.704397 0.704397
4868.710449 0.000000 2014.244019 0.000000 0.546374 0.000000 0.837542 0.719102 0.719102 0.719102
4880.602539 0.000000 2026.665161 0.000000 0.983360 0.000000 -0.181667 0.805144 0.805144 0.805144
4881.929199 0.000000 2021.961914 0.000000 0.307365 0.000000 0.951592 0.697459 0.697459 0.697459
4868.386230 0.000000 2042.367188 0.000000 0.982370 0.000000 -0.186946 0.808338 0.808338 0.808338
4876.127441 0.000000 2020.210815 0.000000 0.610661 0.000000 0.791892 0.728267 0.728267 0.728267
4879.483398 0.000000 2019.767456 0.000000 0.959602 0.000000 -0.281361 0.823241 0.823241 0.823241
4867.286133 0.000000 2016.988525 0.000000 0.522205 0.000000 0.852820 0.695965 0.695965 0.695965
4869.760742 0.000000 2050.049072 0.000000 0.972596 0.000000 0.232503 0.780879 0.780879 0.780879
4866.806152 0.000000 2019.562744 0.000000 0.083171 0.000000 0.996535 0.693937 0.693937 0.693937
4901.508789 0.000000 1829.286133 0.000000 0.356816 0.000000 -0.934175 0.827457 0.827457 0.827457
4909.139648 0.000000 1819.308105 0.000000 0.880695 0.000000 0.473683 0.783147 0.783147 0.783147
4933.981934 0.000000 1859.246338 0.000000 0.046475 0.000000 -0.998919 0.838359 0.838359 0.838359
4904.983887 0.000000 1831.779663 0.000000 0.665735 0.000000 0.746188 0.742465 0.742465 0.742465
4932.299316 0.000000 1862.731323 0.000000 0.139343 0.000000 -0.990244 0.944045 0.944045 0.944045
4907.965332 0.000000 1822.847778 0.000000 0.109976 0.000000 0.993934 0.644224 0.644224 0.644224
4905.093750 0.000000 1847.901489 0.000000 0.038007 0.000000 -0.999277 0.941433 0.941433 0.941433
4906.923340 0.000000 1849.995483 0.000000 0.194426 0.000000 -0.980917 0.914527 0.914527 0.914527
"}
