object={
	name="tree_mangrove_generator_1_0"
	render_pass=Map
	clamp_to_water_level=no
	generated_content=yes
	layer="tree_high_layer"
	pdxmesh="tree_mangrove_01_a_mesh"
	count=79
	transform="3929.885498 0.000000 1715.752686 0.000000 0.904989 0.000000 0.425434 0.619200 0.619200 0.619200
3930.397217 0.000000 1717.954468 0.000000 0.596398 0.000000 -0.802689 1.144286 1.144286 1.144286
3933.340088 0.000000 1719.479126 0.000000 0.677294 0.000000 -0.735712 1.026208 1.026208 1.026208
3932.684326 0.000000 1705.581421 0.000000 0.192997 0.000000 -0.981199 1.319629 1.319629 1.319629
3932.752197 0.000000 1699.424194 0.000000 0.923257 0.000000 0.384184 0.687379 0.687379 0.687379
3931.697510 0.000000 1719.020996 0.000000 0.301745 0.000000 -0.953389 1.158558 1.158558 1.158558
3997.013672 0.000000 1658.127319 0.000000 0.991314 0.000000 -0.131514 0.810274 0.810274 0.810274
3997.226318 0.000000 1664.268677 0.000000 0.854316 0.000000 -0.519754 1.024873 1.024873 1.024873
3988.693604 0.000000 1671.505249 0.000000 0.931194 0.000000 -0.364524 0.861853 0.861853 0.861853
3986.915039 0.000000 1673.427612 0.000000 0.940740 0.000000 -0.339127 0.919547 0.919547 0.919547
3938.990479 0.000000 1703.110107 0.000000 0.984190 0.000000 0.177118 0.760881 0.760881 0.760881
3976.422119 0.000000 1684.929565 0.000000 0.975950 0.000000 -0.217996 0.890855 0.890855 0.890855
3969.311768 0.000000 1696.809204 0.000000 0.578269 0.000000 -0.815846 1.175432 1.175432 1.175432
3935.376221 0.000000 1698.176636 0.000000 0.090163 0.000000 0.995927 0.205656 0.205656 0.205656
3994.670410 0.000000 1662.218506 0.000000 0.536092 0.000000 -0.844160 1.002729 1.002729 1.002729
3964.230957 0.000000 1701.982910 0.000000 0.990358 0.000000 0.138530 0.759197 0.759197 0.759197
3973.629639 0.000000 1693.204590 0.000000 0.987835 0.000000 0.155506 0.730146 0.730146 0.730146
3943.074707 0.000000 1695.718262 0.000000 0.914619 0.000000 0.404317 0.677797 0.677797 0.677797
3982.691650 0.000000 1679.611328 0.000000 0.826588 0.000000 -0.562808 1.037587 1.037587 1.037587
3940.500977 0.000000 1697.657593 0.000000 0.879147 0.000000 -0.476550 1.012305 1.012305 1.012305
4043.530762 0.000000 1678.024414 0.000000 0.926734 0.000000 -0.375717 0.981549 0.981549 0.981549
4033.474365 0.000000 1676.217896 0.000000 0.638157 0.000000 0.769906 0.452517 0.452517 0.452517
4037.066895 0.000000 1678.954224 0.000000 0.962617 0.000000 -0.270865 0.939696 0.939696 0.939696
4030.828125 0.000000 1677.458374 0.000000 0.163615 0.000000 0.986524 0.617415 0.617415 0.617415
4041.107910 0.000000 1678.169678 0.000000 0.991215 0.000000 0.132262 0.732442 0.732442 0.732442
4035.662598 0.000000 1676.778809 0.000000 0.233628 0.000000 0.972326 0.232080 0.232080 0.232080
4053.812500 0.000000 1696.151855 0.000000 0.218442 0.000000 -0.975850 1.048163 1.048163 1.048163
4007.947510 0.000000 1671.247192 0.000000 0.528671 0.000000 -0.848827 1.170525 1.170525 1.170525
4032.672363 0.000000 1677.984253 0.000000 0.987188 0.000000 0.159561 0.736630 0.736630 0.736630
4047.543457 0.000000 1693.523682 0.000000 0.986585 0.000000 -0.163246 0.838973 0.838973 0.838973
4056.061768 0.000000 1694.892090 0.000000 0.995592 0.000000 0.093795 0.780864 0.780864 0.780864
4006.309326 0.000000 1671.800537 0.000000 0.891664 0.000000 -0.452698 0.971705 0.971705 0.971705
4069.414307 0.000000 1693.326050 0.000000 0.469462 0.000000 -0.882953 1.067994 1.067994 1.067994
4069.424072 0.000000 1688.204224 0.000000 0.458753 0.000000 -0.888564 1.215224 1.215224 1.215224
3933.151123 0.000000 1719.839844 0.000000 0.802658 0.000000 0.596439 0.625140 0.625140 0.625140
3940.545166 0.000000 1777.595581 0.000000 0.962755 0.000000 0.270375 0.684077 0.684077 0.684077
3953.797607 0.000000 1789.858154 0.000000 0.798686 0.000000 -0.601748 1.090158 1.090158 1.090158
3979.997803 0.000000 1757.121460 0.000000 0.143291 0.000000 -0.989681 1.008056 1.008056 1.008056
3941.840576 0.000000 1775.338013 0.000000 0.055881 0.000000 -0.998437 1.002715 1.002715 1.002715
3986.342773 0.000000 1761.968262 0.000000 0.266085 0.000000 0.963949 0.235943 0.235943 0.235943
3939.703125 0.000000 1767.200317 0.000000 0.582544 0.000000 -0.812799 0.932668 0.932668 0.932668
3944.023682 0.000000 1723.376099 0.000000 0.984654 0.000000 0.174518 0.734485 0.734485 0.734485
3958.328613 0.000000 1733.693115 0.000000 0.348238 0.000000 -0.937406 1.018417 1.018417 1.018417
3959.465820 0.000000 1784.222900 0.000000 0.980922 0.000000 0.194400 0.722240 0.722240 0.722240
3940.380371 0.000000 1723.674316 0.000000 0.265762 0.000000 -0.964039 1.294002 1.294002 1.294002
3951.293457 0.000000 1728.029419 0.000000 0.999843 0.000000 -0.017698 0.803358 0.803358 0.803358
3962.154297 0.000000 1780.255859 0.000000 0.908450 0.000000 -0.417994 0.879238 0.879238 0.879238
3961.914551 0.000000 1735.736206 0.000000 0.042598 0.000000 0.999092 0.210935 0.210935 0.210935
3937.026367 0.000000 1764.025757 0.000000 0.738149 0.000000 0.674638 0.533797 0.533797 0.533797
3937.960938 0.000000 1770.451294 0.000000 0.915515 0.000000 -0.402285 0.880207 0.880207 0.880207
3956.213379 0.000000 1786.802612 0.000000 0.581694 0.000000 -0.813408 1.105473 1.105473 1.105473
3948.618408 0.000000 1722.932007 0.000000 0.885605 0.000000 -0.464439 0.909972 0.909972 0.909972
3955.341797 0.000000 1731.273193 0.000000 0.960243 0.000000 0.279166 0.700548 0.700548 0.700548
3956.039062 0.000000 1733.433350 0.000000 0.385449 0.000000 0.922729 0.412752 0.412752 0.412752
3958.422852 0.000000 1735.580811 0.000000 0.979751 0.000000 -0.200218 0.847105 0.847105 0.847105
3952.707520 0.000000 1729.108398 0.000000 0.927092 0.000000 0.374833 0.681825 0.681825 0.681825
3953.359131 0.000000 1730.987183 0.000000 0.892372 0.000000 0.451300 0.673755 0.673755 0.673755
3954.836182 0.000000 1788.468628 0.000000 0.992418 0.000000 -0.122907 0.848481 0.848481 0.848481
3990.614990 0.000000 1756.679443 0.000000 0.215054 0.000000 0.976602 0.153658 0.153658 0.153658
4829.991699 0.000000 1834.823486 0.000000 0.991888 0.000000 -0.127116 0.816292 0.816292 0.816292
4855.039551 0.000000 1866.215820 0.000000 0.907699 0.000000 0.419623 0.727351 0.727351 0.727351
4855.980469 0.000000 1862.911987 0.000000 0.178418 0.000000 0.983955 0.535996 0.535996 0.535996
4884.827637 0.000000 2021.235840 0.000000 0.470411 0.000000 -0.882448 0.931705 0.931705 0.931705
4870.916992 0.000000 2017.136963 0.000000 0.355754 0.000000 -0.934580 0.973579 0.973579 0.973579
4899.386719 0.000000 2026.148071 0.000000 0.893160 0.000000 -0.449739 0.865216 0.865216 0.865216
4869.073730 0.000000 2016.177856 0.000000 0.824136 0.000000 -0.566391 1.048934 1.048934 1.048934
4877.595703 0.000000 2021.520020 0.000000 0.927123 0.000000 -0.374756 0.900504 0.900504 0.900504
4876.979004 0.000000 2018.469971 0.000000 0.161061 0.000000 0.986944 0.417273 0.417273 0.417273
4880.874023 0.000000 2018.533325 0.000000 0.019520 0.000000 0.999809 0.378636 0.378636 0.378636
4881.112305 0.000000 2020.341919 0.000000 0.965580 0.000000 -0.260105 0.871473 0.871473 0.871473
4865.747559 0.000000 2018.170898 0.000000 0.188251 0.000000 0.982121 0.424774 0.424774 0.424774
4868.051758 0.000000 2050.567871 0.000000 0.094915 0.000000 0.995485 0.399153 0.399153 0.399153
4879.199707 0.000000 2018.063110 0.000000 0.071216 0.000000 0.997461 0.392694 0.392694 0.392694
4871.881836 0.000000 2018.486572 0.000000 0.907023 0.000000 0.421082 0.681942 0.681942 0.681942
4923.596191 0.000000 1872.786987 0.000000 0.996474 0.000000 0.083904 0.760406 0.760406 0.760406
4908.728516 0.000000 1821.135620 0.000000 0.295284 0.000000 -0.955410 1.307716 1.307716 1.307716
4933.166504 0.000000 1861.262451 0.000000 0.061203 0.000000 -0.998125 1.152748 1.152748 1.152748
4927.677246 0.000000 1882.814697 0.000000 0.687406 0.000000 -0.726273 1.158799 1.158799 1.158799
4904.395996 0.000000 1827.015381 0.000000 0.737771 0.000000 -0.675051 1.164085 1.164085 1.164085
"}
