object={
	name="tree_emperorparasol_03_generator_1_0"
	clamp_to_water_level=no
	render_under_water=no
	generated_content=yes
	layer="tree_high_layer"
	pdxmesh="tree_emperorparasol_03_a_mesh"
	count=166
	transform="5025.343262 0.000000 3169.692871 0.000000 0.315292 0.000000 0.948995 1.200000 1.200000 1.200000
5023.658203 0.000000 3177.574219 0.000000 0.424809 0.000000 0.905283 1.200000 1.200000 1.200000
5001.171875 0.000000 3161.706787 0.000000 0.050802 0.000000 0.998709 1.200000 1.200000 1.200000
5013.333496 0.000000 3180.218994 0.000000 0.925184 0.000000 0.379518 1.200000 1.200000 1.200000
4979.621582 0.000000 3168.137939 0.000000 0.315721 0.000000 0.948852 1.200000 1.200000 1.200000
4996.791504 0.000000 3152.497070 0.000000 0.999889 0.000000 0.014915 1.200000 1.200000 1.200000
5027.946777 0.000000 3153.190918 0.000000 0.885574 0.000000 0.464498 1.200000 1.200000 1.200000
5015.385742 0.000000 3173.335693 0.000000 0.970175 0.000000 0.242407 1.200000 1.200000 1.200000
4983.354980 0.000000 3162.160645 0.000000 0.990945 0.000000 0.134269 1.200000 1.200000 1.200000
5025.911133 0.000000 3172.330811 0.000000 0.757594 0.000000 0.652727 1.200000 1.200000 1.200000
5019.519531 0.000000 3162.827881 0.000000 0.999059 0.000000 0.043363 1.200000 1.200000 1.200000
4983.560059 0.000000 3164.555664 0.000000 0.985046 0.000000 0.172294 1.200000 1.200000 1.200000
5015.771484 0.000000 3159.179443 0.000000 0.008922 0.000000 0.999960 1.200000 1.200000 1.200000
5029.661133 0.000000 3151.564209 0.000000 0.877037 0.000000 0.480422 1.200000 1.200000 1.200000
5012.415527 0.000000 3161.968750 0.000000 0.161278 0.000000 0.986909 1.200000 1.200000 1.200000
5008.987793 0.000000 3172.363770 0.000000 0.036230 0.000000 0.999343 1.200000 1.200000 1.200000
5019.847168 0.000000 3180.670166 0.000000 0.992140 0.000000 0.125137 1.200000 1.200000 1.200000
5018.822266 0.000000 3176.937988 0.000000 0.589793 0.000000 0.807554 1.200000 1.200000 1.200000
4994.029297 0.000000 3156.005859 0.000000 0.975815 0.000000 0.218596 1.200000 1.200000 1.200000
5017.876953 0.000000 3165.684814 0.000000 0.563843 0.000000 0.825882 1.200000 1.200000 1.200000
5006.692871 0.000000 3178.798096 0.000000 0.751087 0.000000 0.660203 1.200000 1.200000 1.200000
5007.263672 0.000000 3177.418457 0.000000 0.868838 0.000000 0.495096 1.200000 1.200000 1.200000
5024.177246 0.000000 3155.669189 0.000000 0.185034 0.000000 0.982732 1.200000 1.200000 1.200000
5006.583984 0.000000 3174.063721 0.000000 0.738008 0.000000 0.674792 1.200000 1.200000 1.200000
5006.194824 0.000000 3180.888184 0.000000 0.916125 0.000000 0.400892 1.200000 1.200000 1.200000
4961.688477 0.000000 3196.624756 0.000000 0.424052 0.000000 0.905638 1.200000 1.200000 1.200000
4987.028320 0.000000 3260.770508 0.000000 0.976871 0.000000 0.213829 1.200000 1.200000 1.200000
5002.560547 0.000000 3264.282227 0.000000 0.101748 0.000000 0.994810 1.200000 1.200000 1.200000
5026.606445 0.000000 3228.308105 0.000000 0.199098 0.000000 0.979980 1.200000 1.200000 1.200000
5006.798340 0.000000 3227.278320 0.000000 0.479389 0.000000 0.877603 1.200000 1.200000 1.200000
4993.827148 0.000000 3235.583984 0.000000 0.620236 0.000000 0.784416 1.200000 1.200000 1.200000
4969.042969 0.000000 3188.466553 0.000000 0.963597 0.000000 0.267361 1.200000 1.200000 1.200000
4986.193359 0.000000 3267.381348 0.000000 0.210687 0.000000 0.977554 1.200000 1.200000 1.200000
5004.350586 0.000000 3231.707031 0.000000 0.996922 0.000000 0.078402 1.200000 1.200000 1.200000
4994.102539 0.000000 3230.669189 0.000000 0.838709 0.000000 0.544580 1.200000 1.200000 1.200000
5013.533203 0.000000 3181.638428 0.000000 0.961548 0.000000 0.274638 1.200000 1.200000 1.200000
4970.961914 0.000000 3192.238770 0.000000 0.995050 0.000000 0.099375 1.200000 1.200000 1.200000
5021.468262 0.000000 3192.373535 0.000000 0.995764 0.000000 0.091943 1.200000 1.200000 1.200000
5028.888672 0.000000 3205.846191 0.000000 0.760517 0.000000 0.649318 1.200000 1.200000 1.200000
5023.323730 0.000000 3197.123535 0.000000 0.681885 0.000000 0.731460 1.200000 1.200000 1.200000
5017.077148 0.000000 3246.907471 0.000000 0.882073 0.000000 0.471113 1.200000 1.200000 1.200000
5025.674316 0.000000 3225.809570 0.000000 0.553150 0.000000 0.833081 1.200000 1.200000 1.200000
5029.101562 0.000000 3211.987549 0.000000 0.589314 0.000000 0.807904 1.200000 1.200000 1.200000
5002.732422 0.000000 3245.679443 0.000000 0.909899 0.000000 0.414830 1.200000 1.200000 1.200000
5018.217773 0.000000 3223.702637 0.000000 0.962649 0.000000 0.270753 1.200000 1.200000 1.200000
4983.560059 0.000000 3250.540039 0.000000 0.895661 0.000000 0.444738 1.200000 1.200000 1.200000
5016.271973 0.000000 3192.773682 0.000000 0.333527 0.000000 0.942740 1.200000 1.200000 1.200000
5011.361328 0.000000 3191.079102 0.000000 0.935348 0.000000 0.353728 1.200000 1.200000 1.200000
5027.816895 0.000000 3198.267822 0.000000 0.389484 0.000000 0.921033 1.200000 1.200000 1.200000
5029.595703 0.000000 3215.234131 0.000000 0.490657 0.000000 0.871353 1.200000 1.200000 1.200000
5027.345703 0.000000 3183.816895 0.000000 0.401126 0.000000 0.916023 1.200000 1.200000 1.200000
5007.572754 0.000000 3187.923096 0.000000 0.846018 0.000000 0.533154 1.200000 1.200000 1.200000
5017.751465 0.000000 3225.527588 0.000000 0.223501 0.000000 0.974704 1.200000 1.200000 1.200000
5017.271973 0.000000 3244.021973 0.000000 0.426979 0.000000 0.904262 1.200000 1.200000 1.200000
5028.981934 0.000000 3207.690186 0.000000 0.983105 0.000000 0.183041 1.200000 1.200000 1.200000
5019.320801 0.000000 3196.945801 0.000000 0.879956 0.000000 0.475055 1.200000 1.200000 1.200000
5002.417480 0.000000 3259.936768 0.000000 0.312102 0.000000 0.950048 1.200000 1.200000 1.200000
4995.017090 0.000000 3232.267334 0.000000 0.824220 0.000000 0.566269 1.200000 1.200000 1.200000
5025.904785 0.000000 3214.189941 0.000000 0.787660 0.000000 0.616110 1.200000 1.200000 1.200000
4980.123047 0.000000 3256.143799 0.000000 0.247665 0.000000 0.968846 1.200000 1.200000 1.200000
5014.566895 0.000000 3227.330078 0.000000 0.977495 0.000000 0.210957 1.200000 1.200000 1.200000
4981.035156 0.000000 3257.540771 0.000000 0.877086 0.000000 0.480333 1.200000 1.200000 1.200000
5017.768555 0.000000 3245.484375 0.000000 0.398540 0.000000 0.917151 1.200000 1.200000 1.200000
5006.900879 0.000000 3186.438477 0.000000 0.861897 0.000000 0.507084 1.200000 1.200000 1.200000
4988.000000 0.000000 3262.539795 0.000000 0.990027 0.000000 0.140877 1.200000 1.200000 1.200000
5014.181152 0.000000 3185.697266 0.000000 0.234532 0.000000 0.972108 1.200000 1.200000 1.200000
5005.457520 0.000000 3230.638672 0.000000 0.054999 0.000000 0.998486 1.200000 1.200000 1.200000
5016.614258 0.000000 3187.365967 0.000000 0.153915 0.000000 0.988084 1.200000 1.200000 1.200000
5024.756348 0.000000 3197.386230 0.000000 0.943726 0.000000 0.330727 1.200000 1.200000 1.200000
5027.637695 0.000000 3196.792725 0.000000 0.991597 0.000000 0.129364 1.200000 1.200000 1.200000
5009.218750 0.000000 3181.962646 0.000000 0.976640 0.000000 0.214881 1.200000 1.200000 1.200000
5028.792480 0.000000 3261.084229 0.000000 0.920622 0.000000 0.390456 1.200000 1.200000 1.200000
5007.304688 0.000000 3189.084717 0.000000 0.726042 0.000000 0.687651 1.200000 1.200000 1.200000
5006.396484 0.000000 3188.045898 0.000000 0.873013 0.000000 0.487698 1.200000 1.200000 1.200000
5012.118164 0.000000 3187.528809 0.000000 0.763908 0.000000 0.645325 1.200000 1.200000 1.200000
5007.971191 0.000000 3182.821777 0.000000 0.332542 0.000000 0.943088 1.200000 1.200000 1.200000
5006.077637 0.000000 3183.925781 0.000000 0.731183 0.000000 0.682182 1.200000 1.200000 1.200000
5013.908203 0.000000 3186.845215 0.000000 0.901770 0.000000 0.432215 1.200000 1.200000 1.200000
5006.931641 0.000000 3187.321289 0.000000 0.746694 0.000000 0.665168 1.200000 1.200000 1.200000
5007.674805 0.000000 3186.067139 0.000000 0.372917 0.000000 0.927865 1.200000 1.200000 1.200000
5045.424805 0.000000 3160.335205 0.000000 0.929495 0.000000 0.368834 1.200000 1.200000 1.200000
5054.344238 0.000000 3116.501709 0.000000 0.789127 0.000000 0.614230 1.200000 1.200000 1.200000
5039.937500 0.000000 3153.297607 0.000000 0.057420 0.000000 0.998350 1.200000 1.200000 1.200000
5088.150391 0.000000 3177.574219 0.000000 0.938047 0.000000 0.346507 1.200000 1.200000 1.200000
5091.641602 0.000000 3161.227051 0.000000 0.455052 0.000000 0.890465 1.200000 1.200000 1.200000
5038.116211 0.000000 3131.871826 0.000000 0.652671 0.000000 0.757642 1.200000 1.200000 1.200000
5043.528320 0.000000 3150.481934 0.000000 0.791826 0.000000 0.610747 1.200000 1.200000 1.200000
5030.465820 0.000000 3172.469727 0.000000 0.615039 0.000000 0.788497 1.200000 1.200000 1.200000
5042.167969 0.000000 3130.142090 0.000000 0.956644 0.000000 0.291259 1.200000 1.200000 1.200000
5057.415527 0.000000 3114.384033 0.000000 0.624387 0.000000 0.781115 1.200000 1.200000 1.200000
5030.524414 0.000000 3150.093018 0.000000 0.366613 0.000000 0.930374 1.200000 1.200000 1.200000
5041.226562 0.000000 3151.151611 0.000000 0.781378 0.000000 0.624058 1.200000 1.200000 1.200000
5038.737793 0.000000 3159.909424 0.000000 0.125434 0.000000 0.992102 1.200000 1.200000 1.200000
5091.676758 0.000000 3163.775391 0.000000 0.738324 0.000000 0.674446 1.200000 1.200000 1.200000
5035.746582 0.000000 3168.666992 0.000000 0.855490 0.000000 0.517820 1.200000 1.200000 1.200000
5065.172363 0.000000 3108.787109 0.000000 0.072005 0.000000 0.997404 1.200000 1.200000 1.200000
5064.428711 0.000000 3111.199707 0.000000 0.656423 0.000000 0.754393 1.200000 1.200000 1.200000
5038.465820 0.000000 3167.971924 0.000000 0.774931 0.000000 0.632046 1.200000 1.200000 1.200000
5045.551758 0.000000 3142.053711 0.000000 0.958497 0.000000 0.285103 1.200000 1.200000 1.200000
5045.424805 0.000000 3246.319580 0.000000 0.882747 0.000000 0.469848 1.200000 1.200000 1.200000
5057.552246 0.000000 3221.505859 0.000000 0.194352 0.000000 0.980932 1.200000 1.200000 1.200000
5036.633789 0.000000 3247.009521 0.000000 0.878553 0.000000 0.477646 1.200000 1.200000 1.200000
5044.123047 0.000000 3263.821289 0.000000 0.978507 0.000000 0.206216 1.200000 1.200000 1.200000
5082.265137 0.000000 3181.456543 0.000000 0.552952 0.000000 0.833213 1.200000 1.200000 1.200000
5030.453125 0.000000 3216.022461 0.000000 0.677336 0.000000 0.735673 1.200000 1.200000 1.200000
5046.561523 0.000000 3258.808594 0.000000 0.322172 0.000000 0.946681 1.200000 1.200000 1.200000
5035.504883 0.000000 3264.145996 0.000000 0.888791 0.000000 0.458312 1.200000 1.200000 1.200000
5033.241211 0.000000 3250.748535 0.000000 0.682207 0.000000 0.731159 1.200000 1.200000 1.200000
5040.441895 0.000000 3253.775635 0.000000 0.504286 0.000000 0.863537 1.200000 1.200000 1.200000
5060.762695 0.000000 3220.770020 0.000000 0.984549 0.000000 0.175110 1.200000 1.200000 1.200000
5046.073242 0.000000 3235.424316 0.000000 0.996278 0.000000 0.086202 1.200000 1.200000 1.200000
5042.990723 0.000000 3245.916260 0.000000 0.032302 0.000000 0.999478 1.200000 1.200000 1.200000
5035.471680 0.000000 3244.492188 0.000000 0.875704 0.000000 0.482848 1.200000 1.200000 1.200000
5043.800781 0.000000 3251.889648 0.000000 0.714918 0.000000 0.699208 1.200000 1.200000 1.200000
5048.516113 0.000000 3241.966064 0.000000 0.138629 0.000000 0.990344 1.200000 1.200000 1.200000
5051.504395 0.000000 3238.717773 0.000000 0.995176 0.000000 0.098109 1.200000 1.200000 1.200000
5049.457031 0.000000 3238.662109 0.000000 0.449726 0.000000 0.893166 1.200000 1.200000 1.200000
5035.220215 0.000000 3259.525391 0.000000 0.984352 0.000000 0.176211 1.200000 1.200000 1.200000
5036.868164 0.000000 3245.376465 0.000000 0.635342 0.000000 0.772231 1.200000 1.200000 1.200000
5030.576172 0.000000 3263.954590 0.000000 0.497329 0.000000 0.867562 1.200000 1.200000 1.200000
5031.765625 0.000000 3259.113770 0.000000 0.380383 0.000000 0.924829 1.200000 1.200000 1.200000
4993.231934 0.000000 3267.684326 0.000000 0.864410 0.000000 0.502787 1.200000 1.200000 1.200000
5025.023438 0.000000 3269.719482 0.000000 0.323554 0.000000 0.946210 1.200000 1.200000 1.200000
5013.644531 0.000000 3337.964111 0.000000 0.996418 0.000000 0.084565 1.200000 1.200000 1.200000
5011.556152 0.000000 3307.472168 0.000000 0.726329 0.000000 0.687347 1.200000 1.200000 1.200000
5006.795410 0.000000 3301.106201 0.000000 0.992462 0.000000 0.122550 1.200000 1.200000 1.200000
5008.116211 0.000000 3342.424805 0.000000 0.527922 0.000000 0.849293 1.200000 1.200000 1.200000
5022.113281 0.000000 3299.070068 0.000000 0.734619 0.000000 0.678480 1.200000 1.200000 1.200000
5006.830566 0.000000 3325.765869 0.000000 0.549392 0.000000 0.835565 1.200000 1.200000 1.200000
5027.643066 0.000000 3300.223389 0.000000 0.584543 0.000000 0.811363 1.200000 1.200000 1.200000
5017.336914 0.000000 3335.754150 0.000000 0.536174 0.000000 0.844107 1.200000 1.200000 1.200000
5010.593750 0.000000 3335.016113 0.000000 0.682011 0.000000 0.731342 1.200000 1.200000 1.200000
5021.627930 0.000000 3302.952393 0.000000 0.948785 0.000000 0.315922 1.200000 1.200000 1.200000
5014.445801 0.000000 3322.891113 0.000000 0.398163 0.000000 0.917315 1.200000 1.200000 1.200000
5011.160645 0.000000 3330.018799 0.000000 0.112706 0.000000 0.993628 1.200000 1.200000 1.200000
5027.946777 0.000000 3325.159668 0.000000 0.677876 0.000000 0.735176 1.200000 1.200000 1.200000
5027.819824 0.000000 3267.445312 0.000000 0.942394 0.000000 0.334505 1.200000 1.200000 1.200000
5028.873535 0.000000 3311.778564 0.000000 0.533320 0.000000 0.845914 1.200000 1.200000 1.200000
5016.175781 0.000000 3312.604004 0.000000 0.826292 0.000000 0.563243 1.200000 1.200000 1.200000
5021.267090 0.000000 3295.987061 0.000000 0.792817 0.000000 0.609460 1.200000 1.200000 1.200000
5001.255859 0.000000 3347.381104 0.000000 0.652912 0.000000 0.757433 1.200000 1.200000 1.200000
4992.272461 0.000000 3270.197266 0.000000 0.420272 0.000000 0.907398 1.200000 1.200000 1.200000
5029.101562 0.000000 3297.971924 0.000000 0.372038 0.000000 0.928218 1.200000 1.200000 1.200000
5027.936523 0.000000 3305.586670 0.000000 0.995717 0.000000 0.092459 1.200000 1.200000 1.200000
5022.007812 0.000000 3310.016113 0.000000 0.522354 0.000000 0.852728 1.200000 1.200000 1.200000
5022.604004 0.000000 3308.066650 0.000000 0.959986 0.000000 0.280049 1.200000 1.200000 1.200000
5027.766602 0.000000 3290.304199 0.000000 0.159110 0.000000 0.987261 1.200000 1.200000 1.200000
4989.946289 0.000000 3273.621582 0.000000 0.293367 0.000000 0.956000 1.200000 1.200000 1.200000
4988.125000 0.000000 3273.143555 0.000000 0.247977 0.000000 0.968766 1.200000 1.200000 1.200000
5012.443359 0.000000 3322.651611 0.000000 0.962577 0.000000 0.271009 1.200000 1.200000 1.200000
5011.121582 0.000000 3315.965576 0.000000 0.912348 0.000000 0.409415 1.200000 1.200000 1.200000
4993.649414 0.000000 3270.914062 0.000000 0.976973 0.000000 0.213361 1.200000 1.200000 1.200000
5012.531250 0.000000 3314.104736 0.000000 0.366270 0.000000 0.930508 1.200000 1.200000 1.200000
5044.673828 0.000000 3268.711670 0.000000 0.336409 0.000000 0.941716 1.200000 1.200000 1.200000
5030.493164 0.000000 3291.020508 0.000000 0.498155 0.000000 0.867088 1.200000 1.200000 1.200000
5033.535156 0.000000 3274.450928 0.000000 0.991591 0.000000 0.129413 1.200000 1.200000 1.200000
5045.913086 0.000000 3274.689697 0.000000 0.331991 0.000000 0.943283 1.200000 1.200000 1.200000
5030.914062 0.000000 3285.979492 0.000000 0.354232 0.000000 0.935157 1.200000 1.200000 1.200000
5035.454102 0.000000 3278.223145 0.000000 0.847606 0.000000 0.530626 1.200000 1.200000 1.200000
5047.055664 0.000000 3309.054932 0.000000 0.793699 0.000000 0.608311 1.200000 1.200000 1.200000
5037.298340 0.000000 3273.697266 0.000000 0.670739 0.000000 0.741693 1.200000 1.200000 1.200000
5033.581543 0.000000 3290.401611 0.000000 0.999812 0.000000 0.019389 1.200000 1.200000 1.200000
5030.772949 0.000000 3281.022461 0.000000 0.891091 0.000000 0.453824 1.200000 1.200000 1.200000
5044.313965 0.000000 3308.874512 0.000000 0.429457 0.000000 0.903087 1.200000 1.200000 1.200000
5048.968750 0.000000 3308.231445 0.000000 0.367982 0.000000 0.929833 1.200000 1.200000 1.200000
5041.730469 0.000000 3271.311768 0.000000 0.803822 0.000000 0.594870 1.200000 1.200000 1.200000
"}
object={
	name="tree_emperorparasol_03_generator_1_1"
	clamp_to_water_level=no
	render_under_water=no
	generated_content=yes
	layer="tree_high_layer"
	pdxmesh="tree_emperorparasol_03_b_mesh"
	count=70
	transform="5013.992676 0.000000 3160.589111 0.000000 0.980216 0.000000 -0.197930 1.200000 1.200000 1.200000
5022.715820 0.000000 3173.250244 0.000000 0.867049 0.000000 -0.498222 1.200000 1.200000 1.200000
5017.177246 0.000000 3167.619385 0.000000 0.730556 0.000000 -0.682853 1.200000 1.200000 1.200000
5011.244141 0.000000 3171.909668 0.000000 0.867168 0.000000 -0.498015 1.200000 1.200000 1.200000
5013.590820 0.000000 3158.319336 0.000000 0.923734 0.000000 -0.383033 1.200000 1.200000 1.200000
5019.086426 0.000000 3160.390625 0.000000 0.983122 0.000000 -0.182952 1.200000 1.200000 1.200000
5027.475586 0.000000 3175.526855 0.000000 0.770537 0.000000 -0.637395 1.200000 1.200000 1.200000
4988.255371 0.000000 3213.119141 0.000000 0.873968 0.000000 -0.485984 1.200000 1.200000 1.200000
5025.559082 0.000000 3218.474365 0.000000 0.801787 0.000000 -0.597610 1.200000 1.200000 1.200000
4995.312012 0.000000 3260.287109 0.000000 0.945206 0.000000 -0.326475 1.200000 1.200000 1.200000
4991.787598 0.000000 3264.576172 0.000000 0.995736 0.000000 -0.092249 1.200000 1.200000 1.200000
4973.631836 0.000000 3195.058105 0.000000 0.934680 0.000000 -0.355491 1.200000 1.200000 1.200000
5004.158203 0.000000 3259.460449 0.000000 0.673185 0.000000 -0.739474 1.200000 1.200000 1.200000
5002.852051 0.000000 3251.325439 0.000000 0.959099 0.000000 -0.283070 1.200000 1.200000 1.200000
5024.067871 0.000000 3187.212402 0.000000 0.694314 0.000000 -0.719672 1.200000 1.200000 1.200000
4994.784668 0.000000 3212.285889 0.000000 0.683235 0.000000 -0.730199 1.200000 1.200000 1.200000
5027.819824 0.000000 3181.460938 0.000000 0.934170 0.000000 -0.356827 1.200000 1.200000 1.200000
5028.873535 0.000000 3225.794189 0.000000 0.797351 0.000000 -0.603516 1.200000 1.200000 1.200000
5020.169434 0.000000 3232.608398 0.000000 0.945241 0.000000 -0.326374 1.200000 1.200000 1.200000
5024.512207 0.000000 3215.355713 0.000000 0.693404 0.000000 -0.720549 1.200000 1.200000 1.200000
5024.163086 0.000000 3194.165039 0.000000 0.872728 0.000000 -0.488207 1.200000 1.200000 1.200000
5005.035156 0.000000 3229.148926 0.000000 0.990736 0.000000 -0.135803 1.200000 1.200000 1.200000
5003.258789 0.000000 3249.048584 0.000000 0.999505 0.000000 -0.031445 1.200000 1.200000 1.200000
4995.428223 0.000000 3233.992432 0.000000 0.899398 0.000000 -0.437131 1.200000 1.200000 1.200000
5003.623047 0.000000 3233.737305 0.000000 0.996383 0.000000 -0.084982 1.200000 1.200000 1.200000
5006.065918 0.000000 3189.210938 0.000000 0.934134 0.000000 -0.356921 1.200000 1.200000 1.200000
5007.032715 0.000000 3229.227051 0.000000 0.869658 0.000000 -0.493654 1.200000 1.200000 1.200000
5026.184082 0.000000 3182.302490 0.000000 0.919168 0.000000 -0.393865 1.200000 1.200000 1.200000
5016.130371 0.000000 3184.684570 0.000000 0.977389 0.000000 -0.211447 1.200000 1.200000 1.200000
5017.325195 0.000000 3186.064209 0.000000 0.708182 0.000000 -0.706030 1.200000 1.200000 1.200000
5029.332520 0.000000 3213.509277 0.000000 0.995413 0.000000 -0.095673 1.200000 1.200000 1.200000
5014.868164 0.000000 3184.105713 0.000000 0.991509 0.000000 -0.130037 1.200000 1.200000 1.200000
5006.441406 0.000000 3182.558838 0.000000 0.894308 0.000000 -0.447452 1.200000 1.200000 1.200000
5034.734863 0.000000 3171.817139 0.000000 0.915990 0.000000 -0.401200 1.200000 1.200000 1.200000
5089.340332 0.000000 3163.867676 0.000000 0.698624 0.000000 -0.715489 1.200000 1.200000 1.200000
5042.483398 0.000000 3147.425537 0.000000 0.999989 0.000000 -0.004766 1.200000 1.200000 1.200000
5088.811035 0.000000 3161.215332 0.000000 0.715674 0.000000 -0.698435 1.200000 1.200000 1.200000
5042.538086 0.000000 3144.981689 0.000000 0.999071 0.000000 -0.043088 1.200000 1.200000 1.200000
5042.990723 0.000000 3159.931885 0.000000 0.647343 0.000000 -0.762198 1.200000 1.200000 1.200000
5090.879883 0.000000 3158.972656 0.000000 0.803989 0.000000 -0.594644 1.200000 1.200000 1.200000
5056.277832 0.000000 3115.964355 0.000000 0.904409 0.000000 -0.426667 1.200000 1.200000 1.200000
5038.926270 0.000000 3261.745361 0.000000 0.627193 0.000000 -0.778864 1.200000 1.200000 1.200000
5045.687012 0.000000 3250.400146 0.000000 0.852733 0.000000 -0.522346 1.200000 1.200000 1.200000
5054.012207 0.000000 3220.625488 0.000000 0.826179 0.000000 -0.563408 1.200000 1.200000 1.200000
5037.773926 0.000000 3243.939697 0.000000 0.664191 0.000000 -0.747563 1.200000 1.200000 1.200000
5033.581543 0.000000 3204.417236 0.000000 0.999962 0.000000 -0.008671 1.200000 1.200000 1.200000
5080.250977 0.000000 3182.985352 0.000000 0.987043 0.000000 -0.160456 1.200000 1.200000 1.200000
5030.918457 0.000000 3250.952393 0.000000 0.813404 0.000000 -0.581700 1.200000 1.200000 1.200000
5035.752441 0.000000 3266.579102 0.000000 0.779272 0.000000 -0.626685 1.200000 1.200000 1.200000
5028.402344 0.000000 3295.456299 0.000000 0.629305 0.000000 -0.777159 1.200000 1.200000 1.200000
4991.681641 0.000000 3278.130859 0.000000 0.992896 0.000000 -0.118986 1.200000 1.200000 1.200000
5026.606445 0.000000 3314.292480 0.000000 0.638258 0.000000 -0.769822 1.200000 1.200000 1.200000
5018.113281 0.000000 3316.145508 0.000000 0.911231 0.000000 -0.411895 1.200000 1.200000 1.200000
5023.545898 0.000000 3330.644531 0.000000 0.964926 0.000000 -0.262521 1.200000 1.200000 1.200000
5022.520996 0.000000 3315.218262 0.000000 0.873034 0.000000 -0.487659 1.200000 1.200000 1.200000
5017.177246 0.000000 3339.588135 0.000000 0.986524 0.000000 -0.163614 1.200000 1.200000 1.200000
5025.859375 0.000000 3307.148193 0.000000 0.923243 0.000000 -0.384217 1.200000 1.200000 1.200000
4989.399902 0.000000 3271.838867 0.000000 0.990292 0.000000 -0.139003 1.200000 1.200000 1.200000
5009.825684 0.000000 3341.046631 0.000000 0.890145 0.000000 -0.455677 1.200000 1.200000 1.200000
5027.345703 0.000000 3269.801270 0.000000 0.929904 0.000000 -0.367803 1.200000 1.200000 1.200000
5026.545410 0.000000 3295.921875 0.000000 0.999941 0.000000 -0.010907 1.200000 1.200000 1.200000
4990.502441 0.000000 3270.414307 0.000000 0.989841 0.000000 -0.142178 1.200000 1.200000 1.200000
5044.128418 0.000000 3306.151123 0.000000 0.798760 0.000000 -0.601649 1.200000 1.200000 1.200000
5031.216309 0.000000 3296.885010 0.000000 0.682268 0.000000 -0.731102 1.200000 1.200000 1.200000
5042.561523 0.000000 3282.014404 0.000000 0.917626 0.000000 -0.397446 1.200000 1.200000 1.200000
5033.968262 0.000000 3293.514160 0.000000 0.749994 0.000000 -0.661444 1.200000 1.200000 1.200000
5031.629883 0.000000 3278.320801 0.000000 0.934361 0.000000 -0.356328 1.200000 1.200000 1.200000
5030.686523 0.000000 3283.587402 0.000000 0.975384 0.000000 -0.220515 1.200000 1.200000 1.200000
5042.823242 0.000000 3279.899414 0.000000 0.905179 0.000000 -0.425030 1.200000 1.200000 1.200000
5040.234863 0.000000 3269.278809 0.000000 0.665611 0.000000 -0.746299 1.200000 1.200000 1.200000
"}
object={
	name="tree_emperorparasol_03_generator_1_2"
	clamp_to_water_level=no
	render_under_water=no
	generated_content=yes
	layer="tree_high_layer"
	pdxmesh="tree_emperorparasol_03_c_mesh"
	count=83
	transform="5019.160156 0.000000 3158.255127 0.000000 0.567729 0.000000 -0.823216 1.200000 1.200000 1.200000
4983.795410 0.000000 3167.706055 0.000000 0.559520 0.000000 -0.828817 1.200000 1.200000 1.200000
5010.593750 0.000000 3163.047363 0.000000 0.469053 0.000000 -0.883170 1.200000 1.200000 1.200000
4996.186035 0.000000 3150.130615 0.000000 0.494641 0.000000 -0.869097 1.200000 1.200000 1.200000
5014.587402 0.000000 3168.229248 0.000000 0.161200 0.000000 -0.986922 1.200000 1.200000 1.200000
5007.197754 0.000000 3175.075928 0.000000 0.285557 0.000000 -0.958362 1.200000 1.200000 1.200000
5023.444824 0.000000 3156.626465 0.000000 0.566474 0.000000 -0.824080 1.200000 1.200000 1.200000
5015.974121 0.000000 3171.655762 0.000000 0.067329 0.000000 -0.997731 1.200000 1.200000 1.200000
5008.988770 0.000000 3180.841064 0.000000 0.417760 0.000000 -0.908558 1.200000 1.200000 1.200000
5022.567383 0.000000 3157.704102 0.000000 0.110300 0.000000 -0.993898 1.200000 1.200000 1.200000
5025.385742 0.000000 3155.525391 0.000000 0.231571 0.000000 -0.972818 1.200000 1.200000 1.200000
5008.257324 0.000000 3180.180176 0.000000 0.540430 0.000000 -0.841389 1.200000 1.200000 1.200000
5025.023438 0.000000 3183.735107 0.000000 0.097735 0.000000 -0.995212 1.200000 1.200000 1.200000
5008.116211 0.000000 3256.440430 0.000000 0.355938 0.000000 -0.934510 1.200000 1.200000 1.200000
5024.631348 0.000000 3190.953369 0.000000 0.222092 0.000000 -0.975026 1.200000 1.200000 1.200000
4998.075195 0.000000 3266.951904 0.000000 0.338900 0.000000 -0.940822 1.200000 1.200000 1.200000
5029.895996 0.000000 3199.825439 0.000000 0.480137 0.000000 -0.877194 1.200000 1.200000 1.200000
5005.175781 0.000000 3203.258545 0.000000 0.013214 0.000000 -0.999913 1.200000 1.200000 1.200000
5005.181152 0.000000 3254.157471 0.000000 0.110336 0.000000 -0.993894 1.200000 1.200000 1.200000
4988.116699 0.000000 3264.193115 0.000000 0.483491 0.000000 -0.875349 1.200000 1.200000 1.200000
5004.675781 0.000000 3235.476807 0.000000 0.222366 0.000000 -0.974963 1.200000 1.200000 1.200000
5024.581543 0.000000 3199.937744 0.000000 0.043445 0.000000 -0.999056 1.200000 1.200000 1.200000
5001.605469 0.000000 3233.698730 0.000000 0.530003 0.000000 -0.847995 1.200000 1.200000 1.200000
5028.645508 0.000000 3217.360840 0.000000 0.354630 0.000000 -0.935007 1.200000 1.200000 1.200000
5018.453125 0.000000 3193.393066 0.000000 0.427677 0.000000 -0.903932 1.200000 1.200000 1.200000
4982.039551 0.000000 3266.233398 0.000000 0.002490 0.000000 -0.999997 1.200000 1.200000 1.200000
4979.349121 0.000000 3257.617188 0.000000 0.287952 0.000000 -0.957645 1.200000 1.200000 1.200000
4991.383301 0.000000 3212.785156 0.000000 0.497664 0.000000 -0.867370 1.200000 1.200000 1.200000
4989.479492 0.000000 3262.101074 0.000000 0.011310 0.000000 -0.999936 1.200000 1.200000 1.200000
4973.956543 0.000000 3192.505127 0.000000 0.514457 0.000000 -0.857516 1.200000 1.200000 1.200000
5003.666016 0.000000 3261.778076 0.000000 0.381866 0.000000 -0.924218 1.200000 1.200000 1.200000
5002.002930 0.000000 3258.099121 0.000000 0.509598 0.000000 -0.860413 1.200000 1.200000 1.200000
5004.810547 0.000000 3244.750977 0.000000 0.306875 0.000000 -0.951750 1.200000 1.200000 1.200000
5018.058105 0.000000 3232.810791 0.000000 0.282616 0.000000 -0.959233 1.200000 1.200000 1.200000
5019.086426 0.000000 3246.375000 0.000000 0.542793 0.000000 -0.839866 1.200000 1.200000 1.200000
5002.641602 0.000000 3235.592285 0.000000 0.149878 0.000000 -0.988705 1.200000 1.200000 1.200000
5005.916016 0.000000 3248.829102 0.000000 0.414865 0.000000 -0.909883 1.200000 1.200000 1.200000
5010.207520 0.000000 3190.562988 0.000000 0.402451 0.000000 -0.915442 1.200000 1.200000 1.200000
5010.513184 0.000000 3191.924561 0.000000 0.621841 0.000000 -0.783144 1.200000 1.200000 1.200000
5008.323730 0.000000 3181.467773 0.000000 0.463650 0.000000 -0.886018 1.200000 1.200000 1.200000
5006.257812 0.000000 3186.898682 0.000000 0.441657 0.000000 -0.897184 1.200000 1.200000 1.200000
5065.773926 0.000000 3105.273193 0.000000 0.327874 0.000000 -0.944721 1.200000 1.200000 1.200000
5047.292480 0.000000 3140.958984 0.000000 0.165085 0.000000 -0.986279 1.200000 1.200000 1.200000
5033.782227 0.000000 3157.297363 0.000000 0.275058 0.000000 -0.961428 1.200000 1.200000 1.200000
5041.870117 0.000000 3149.219482 0.000000 0.386649 0.000000 -0.922227 1.200000 1.200000 1.200000
5038.237793 0.000000 3161.885986 0.000000 0.525074 0.000000 -0.851056 1.200000 1.200000 1.200000
5062.187012 0.000000 3218.025391 0.000000 0.121344 0.000000 -0.992611 1.200000 1.200000 1.200000
5035.324219 0.000000 3242.004639 0.000000 0.310848 0.000000 -0.950460 1.200000 1.200000 1.200000
5050.443848 0.000000 3240.379883 0.000000 0.456802 0.000000 -0.889568 1.200000 1.200000 1.200000
5037.659180 0.000000 3255.779785 0.000000 0.510974 0.000000 -0.859596 1.200000 1.200000 1.200000
5033.086914 0.000000 3266.219482 0.000000 0.451107 0.000000 -0.892470 1.200000 1.200000 1.200000
5043.267578 0.000000 3248.358154 0.000000 0.336405 0.000000 -0.941718 1.200000 1.200000 1.200000
5050.931641 0.000000 3236.787109 0.000000 0.572686 0.000000 -0.819775 1.200000 1.200000 1.200000
5040.631348 0.000000 3259.598877 0.000000 0.381810 0.000000 -0.924241 1.200000 1.200000 1.200000
5050.687012 0.000000 3242.673096 0.000000 0.338802 0.000000 -0.940858 1.200000 1.200000 1.200000
5036.712891 0.000000 3257.548828 0.000000 0.006027 0.000000 -0.999982 1.200000 1.200000 1.200000
5019.160156 0.000000 3330.223877 0.000000 0.573668 0.000000 -0.819088 1.200000 1.200000 1.200000
5025.559082 0.000000 3304.458740 0.000000 0.169894 0.000000 -0.985462 1.200000 1.200000 1.200000
5020.319336 0.000000 3292.867432 0.000000 0.619075 0.000000 -0.785332 1.200000 1.200000 1.200000
5018.280273 0.000000 3305.101074 0.000000 0.582690 0.000000 -0.812695 1.200000 1.200000 1.200000
5024.491699 0.000000 3326.443359 0.000000 0.385645 0.000000 -0.922647 1.200000 1.200000 1.200000
5021.248047 0.000000 3287.509277 0.000000 0.586234 0.000000 -0.810142 1.200000 1.200000 1.200000
4998.130859 0.000000 3268.977783 0.000000 0.149580 0.000000 -0.988750 1.200000 1.200000 1.200000
4989.429688 0.000000 3269.002197 0.000000 0.231476 0.000000 -0.972841 1.200000 1.200000 1.200000
5024.581543 0.000000 3285.922119 0.000000 0.152839 0.000000 -0.988251 1.200000 1.200000 1.200000
5023.109375 0.000000 3290.771729 0.000000 0.336341 0.000000 -0.941740 1.200000 1.200000 1.200000
5021.078613 0.000000 3332.924805 0.000000 0.492106 0.000000 -0.870535 1.200000 1.200000 1.200000
4995.136230 0.000000 3270.433838 0.000000 0.302194 0.000000 -0.953247 1.200000 1.200000 1.200000
5022.094727 0.000000 3317.471680 0.000000 0.362650 0.000000 -0.931925 1.200000 1.200000 1.200000
5012.642090 0.000000 3324.354004 0.000000 0.077311 0.000000 -0.997007 1.200000 1.200000 1.200000
5026.799805 0.000000 3294.032959 0.000000 0.449659 0.000000 -0.893200 1.200000 1.200000 1.200000
5012.958008 0.000000 3312.947021 0.000000 0.423566 0.000000 -0.905865 1.200000 1.200000 1.200000
5024.214355 0.000000 3307.594971 0.000000 0.537621 0.000000 -0.843187 1.200000 1.200000 1.200000
5027.406738 0.000000 3292.552734 0.000000 0.157288 0.000000 -0.987553 1.200000 1.200000 1.200000
5029.452637 0.000000 3280.927490 0.000000 0.208842 0.000000 -0.977949 1.200000 1.200000 1.200000
5027.812500 0.000000 3296.835205 0.000000 0.616472 0.000000 -0.787377 1.200000 1.200000 1.200000
5012.391602 0.000000 3315.260742 0.000000 0.311392 0.000000 -0.950282 1.200000 1.200000 1.200000
5033.318848 0.000000 3282.412354 0.000000 0.239455 0.000000 -0.970908 1.200000 1.200000 1.200000
5050.761719 0.000000 3307.172119 0.000000 0.370537 0.000000 -0.928818 1.200000 1.200000 1.200000
5050.816895 0.000000 3293.148682 0.000000 0.359634 0.000000 -0.933093 1.200000 1.200000 1.200000
5044.160645 0.000000 3278.362061 0.000000 0.495062 0.000000 -0.868858 1.200000 1.200000 1.200000
5030.425781 0.000000 3271.864502 0.000000 0.557587 0.000000 -0.830118 1.200000 1.200000 1.200000
5034.708008 0.000000 3270.600830 0.000000 0.301858 0.000000 -0.953353 1.200000 1.200000 1.200000
"}
