object={
	name="tree_leaf_3_high_generator_2_0"
	render_pass=Map
	clamp_to_water_level=no
	generated_content=yes
	layer="tree_high_layer"
	pdxmesh="tree_leaf_03_b_mesh"
	count=69
	transform="5002.560547 0.000000 3178.297852 0.000000 0.999943 0.000000 0.010671 0.399957 0.399957 0.399957
5017.336914 0.000000 3163.785400 0.000000 0.979007 0.000000 0.203828 0.396208 0.396208 0.396208
5021.921875 0.000000 3181.214844 0.000000 0.594376 0.000000 -0.804187 0.416794 0.416794 0.416794
5024.848145 0.000000 3163.867676 0.000000 0.860889 0.000000 -0.508793 0.414925 0.414925 0.414925
5011.939941 0.000000 3168.607910 0.000000 0.194698 0.000000 0.980863 0.276435 0.276435 0.276435
5014.405273 0.000000 3163.389893 0.000000 0.944534 0.000000 -0.328415 0.414035 0.414035 0.414035
5021.562988 0.000000 3178.844727 0.000000 0.422854 0.000000 -0.906198 0.464560 0.464560 0.464560
5015.892578 0.000000 3165.649902 0.000000 0.623901 0.000000 -0.781503 0.454198 0.454198 0.454198
5019.160156 0.000000 3244.239502 0.000000 0.997306 0.000000 -0.073351 0.408321 0.408321 0.408321
5001.347168 0.000000 3254.837891 0.000000 0.842032 0.000000 0.539428 0.333999 0.333999 0.333999
5013.760254 0.000000 3228.922607 0.000000 0.818427 0.000000 0.574611 0.330008 0.330008 0.330008
5002.386719 0.000000 3242.869629 0.000000 0.394943 0.000000 0.918706 0.385460 0.385460 0.385460
4984.042480 0.000000 3263.802979 0.000000 0.305527 0.000000 0.952183 0.260299 0.260299 0.260299
4981.194824 0.000000 3250.400146 0.000000 0.243705 0.000000 -0.969849 0.422487 0.422487 0.422487
5020.785645 0.000000 3262.089355 0.000000 0.105991 0.000000 -0.994367 0.452653 0.452653 0.452653
5022.778809 0.000000 3219.989258 0.000000 0.062698 0.000000 0.998033 0.342020 0.342020 0.342020
5029.484375 0.000000 3196.733398 0.000000 0.374470 0.000000 0.927239 0.358513 0.358513 0.358513
5017.813965 0.000000 3184.461426 0.000000 0.074838 0.000000 0.997196 0.343235 0.343235 0.343235
5025.895020 0.000000 3206.048828 0.000000 0.019058 0.000000 -0.999818 0.537914 0.537914 0.537914
5009.563965 0.000000 3187.343262 0.000000 0.863021 0.000000 0.505169 0.353990 0.353990 0.353990
5011.290039 0.000000 3228.298828 0.000000 0.966708 0.000000 -0.255882 0.419897 0.419897 0.419897
5020.049316 0.000000 3228.371582 0.000000 0.877829 0.000000 0.478973 0.376557 0.376557 0.376557
5023.009766 0.000000 3256.575928 0.000000 0.390781 0.000000 -0.920484 0.458969 0.458969 0.458969
5012.891602 0.000000 3186.692627 0.000000 0.905512 0.000000 -0.424322 0.429976 0.429976 0.429976
5026.662109 0.000000 3193.957520 0.000000 0.923637 0.000000 0.383269 0.380753 0.380753 0.380753
5024.538574 0.000000 3181.575195 0.000000 0.179650 0.000000 0.983731 0.311152 0.311152 0.311152
5020.358398 0.000000 3230.394043 0.000000 0.935962 0.000000 0.352101 0.378261 0.378261 0.378261
5035.285156 0.000000 3150.739746 0.000000 0.935151 0.000000 -0.354248 0.442308 0.442308 0.442308
5047.055664 0.000000 3137.086182 0.000000 0.700940 0.000000 0.713220 0.386123 0.386123 0.386123
5046.073242 0.000000 3149.439941 0.000000 0.574571 0.000000 0.818455 0.311920 0.311920 0.311920
5031.307617 0.000000 3169.892822 0.000000 0.512508 0.000000 0.858682 0.349468 0.349468 0.349468
5034.886230 0.000000 3162.878174 0.000000 0.910058 0.000000 0.414481 0.382715 0.382715 0.382715
5032.516602 0.000000 3155.525635 0.000000 0.808356 0.000000 0.588694 0.366686 0.366686 0.366686
5038.839355 0.000000 3165.944580 0.000000 0.287253 0.000000 -0.957855 0.500297 0.500297 0.500297
5038.505859 0.000000 3146.648438 0.000000 0.910488 0.000000 0.413535 0.365940 0.365940 0.365940
5035.357422 0.000000 3164.844727 0.000000 0.209679 0.000000 0.977770 0.312430 0.312430 0.312430
5044.113770 0.000000 3254.122314 0.000000 0.983789 0.000000 -0.179328 0.404051 0.404051 0.404051
5032.756836 0.000000 3217.470215 0.000000 0.971731 0.000000 -0.236091 0.409997 0.409997 0.409997
5031.625000 0.000000 3260.727051 0.000000 0.630717 0.000000 0.776013 0.323266 0.323266 0.323266
5030.519043 0.000000 3265.516846 0.000000 0.243392 0.000000 -0.969928 0.458878 0.458878 0.458878
5032.694336 0.000000 3221.677246 0.000000 0.110383 0.000000 0.993889 0.297199 0.297199 0.297199
4986.891602 0.000000 3272.008789 0.000000 0.972888 0.000000 0.231275 0.374246 0.374246 0.374246
5023.284668 0.000000 3319.411377 0.000000 0.988855 0.000000 0.148882 0.398582 0.398582 0.398582
5004.158203 0.000000 3345.444824 0.000000 0.617465 0.000000 0.786598 0.390508 0.390508 0.390508
5007.380371 0.000000 3267.840820 0.000000 0.998613 0.000000 0.052651 0.394240 0.394240 0.394240
5009.510254 0.000000 3338.940430 0.000000 0.784955 0.000000 -0.619553 0.413011 0.413011 0.413011
5025.003418 0.000000 3322.744385 0.000000 0.092152 0.000000 0.995745 0.366779 0.366779 0.366779
5015.757812 0.000000 3318.298828 0.000000 0.846818 0.000000 0.531882 0.344835 0.344835 0.344835
5025.961914 0.000000 3320.191650 0.000000 0.524459 0.000000 0.851436 0.353204 0.353204 0.353204
5006.914551 0.000000 3344.885498 0.000000 0.686876 0.000000 -0.726775 0.428031 0.428031 0.428031
5014.405273 0.000000 3335.358643 0.000000 0.114438 0.000000 -0.993430 0.452347 0.452347 0.452347
5010.220215 0.000000 3332.468750 0.000000 0.970221 0.000000 -0.242221 0.421011 0.421011 0.421011
5020.049316 0.000000 3314.355957 0.000000 0.997538 0.000000 -0.070134 0.403119 0.403119 0.403119
4980.344727 0.000000 3280.777588 0.000000 0.166555 0.000000 -0.986032 0.481288 0.481288 0.481288
4991.777832 0.000000 3275.344727 0.000000 0.111418 0.000000 -0.993774 0.483057 0.483057 0.483057
5027.417480 0.000000 3309.923828 0.000000 0.177667 0.000000 -0.984091 0.493843 0.493843 0.493843
4994.039551 0.000000 3278.976562 0.000000 0.961093 0.000000 0.276226 0.387004 0.387004 0.387004
5019.519531 0.000000 3334.796631 0.000000 0.856001 0.000000 -0.516975 0.428213 0.428213 0.428213
5026.662109 0.000000 3279.941895 0.000000 0.821846 0.000000 -0.569710 0.439043 0.439043 0.439043
4993.981934 0.000000 3272.472656 0.000000 0.455450 0.000000 -0.890261 0.454272 0.454272 0.454272
5013.590820 0.000000 3330.288086 0.000000 0.861267 0.000000 -0.508152 0.428212 0.428212 0.428212
4987.049316 0.000000 3274.448486 0.000000 0.868792 0.000000 0.495178 0.359907 0.359907 0.359907
5005.236328 0.000000 3268.719971 0.000000 0.259456 0.000000 0.965755 0.298091 0.298091 0.298091
4984.733398 0.000000 3270.970947 0.000000 0.404458 0.000000 0.914557 0.322185 0.322185 0.322185
5008.878906 0.000000 3336.652344 0.000000 0.782380 0.000000 0.622801 0.347967 0.347967 0.347967
5013.704590 0.000000 3308.433594 0.000000 0.364488 0.000000 0.931208 0.319266 0.319266 0.319266
5007.197754 0.000000 3347.044678 0.000000 0.571866 0.000000 -0.820347 0.461964 0.461964 0.461964
5021.999023 0.000000 3338.454590 0.000000 0.153468 0.000000 -0.988154 0.487715 0.487715 0.487715
5039.977051 0.000000 3283.129395 0.000000 0.150530 0.000000 -0.988605 0.462380 0.462380 0.462380
"}
