object={
	name="tree_jungle_summerset_01_c_generator_1_0"
	clamp_to_water_level=no
	render_under_water=no
	generated_content=yes
	layer="tree_high_layer"
	pdxmesh="tree_jungle_summerset_01_c_mesh"
	count=120
	transform="1664.994263 0.000000 1115.378418 0.000000 0.654289 0.000000 -0.756244 0.923122 0.923122 0.923122
1667.192017 0.000000 1112.479858 0.000000 0.996748 0.000000 -0.080577 0.904712 0.904712 0.904712
1676.450073 0.000000 1126.082397 0.000000 0.570708 0.000000 0.821153 0.874023 0.874023 0.874023
1678.310303 0.000000 1113.701538 0.000000 0.518955 0.000000 0.854801 0.881572 0.881572 0.881572
1697.930786 0.000000 1084.180054 0.000000 0.871737 0.000000 -0.489974 0.914957 0.914957 0.914957
1707.118408 0.000000 1106.280273 0.000000 0.862743 0.000000 0.505642 0.885706 0.885706 0.885706
1716.079834 0.000000 1104.547974 0.000000 0.255211 0.000000 -0.966885 0.988487 0.988487 0.988487
1704.146362 0.000000 1104.469360 0.000000 0.466045 0.000000 -0.884761 0.939041 0.939041 0.939041
1688.728516 0.000000 1091.464355 0.000000 0.294558 0.000000 0.955634 0.839990 0.839990 0.839990
1678.031128 0.000000 1111.117554 0.000000 0.294022 0.000000 0.955799 0.799940 0.799940 0.799940
1699.881714 0.000000 1085.766846 0.000000 0.817328 0.000000 0.576172 0.848952 0.848952 0.848952
1676.911621 0.000000 1125.872314 0.000000 0.758379 0.000000 -0.651813 0.946262 0.946262 0.946262
1923.535156 0.000000 1180.614502 0.000000 0.313530 0.000000 -0.949578 0.922503 0.922503 0.922503
1917.717773 0.000000 1197.839966 0.000000 0.077019 0.000000 -0.997030 0.957055 0.957055 0.957055
1922.084595 0.000000 1171.282104 0.000000 0.993478 0.000000 -0.114020 0.902824 0.902824 0.902824
1931.524658 0.000000 1183.586426 0.000000 0.790758 0.000000 0.612129 0.871877 0.871877 0.871877
1922.655518 0.000000 1155.491577 0.000000 0.955296 0.000000 0.295652 0.888535 0.888535 0.888535
1927.659668 0.000000 1169.801880 0.000000 0.365239 0.000000 -0.930914 0.961854 0.961854 0.961854
1923.949585 0.000000 1175.939575 0.000000 0.933037 0.000000 0.359781 0.887596 0.887596 0.887596
1917.708618 0.000000 1202.578247 0.000000 0.964045 0.000000 -0.265738 0.914504 0.914504 0.914504
1920.210449 0.000000 1159.499878 0.000000 0.985949 0.000000 0.167049 0.896229 0.896229 0.896229
1918.527710 0.000000 1192.904541 0.000000 0.908572 0.000000 0.417728 0.885476 0.885476 0.885476
1932.025879 0.000000 1188.339600 0.000000 0.999787 0.000000 0.020630 0.898887 0.898887 0.898887
1932.995972 0.000000 1158.258423 0.000000 0.829073 0.000000 0.559141 0.876003 0.876003 0.876003
1932.168945 0.000000 1179.404541 0.000000 0.559015 0.000000 0.829157 0.862658 0.862658 0.862658
1914.968872 0.000000 1185.406616 0.000000 0.017657 0.000000 0.999844 0.809267 0.809267 0.809267
1929.378662 0.000000 1173.134888 0.000000 0.703997 0.000000 -0.710203 0.955012 0.955012 0.955012
1924.940430 0.000000 1158.684204 0.000000 0.943839 0.000000 -0.330405 0.909836 0.909836 0.909836
1920.049561 0.000000 1179.411865 0.000000 0.847509 0.000000 -0.530780 0.922629 0.922629 0.922629
1925.581543 0.000000 1172.830200 0.000000 0.745124 0.000000 -0.666926 0.949212 0.949212 0.949212
1933.950562 0.000000 1181.842163 0.000000 0.997932 0.000000 0.064283 0.896676 0.896676 0.896676
1934.812134 0.000000 1189.624268 0.000000 0.996272 0.000000 -0.086267 0.905822 0.905822 0.905822
1994.210205 0.000000 1192.052246 0.000000 0.203517 0.000000 0.979071 0.890793 0.890793 0.890793
1934.999878 0.000000 1159.057495 0.000000 0.979244 0.000000 0.202685 0.890828 0.890828 0.890828
1948.503296 0.000000 1156.541626 0.000000 0.983373 0.000000 -0.181600 0.902052 0.902052 0.902052
1959.957764 0.000000 1187.665283 0.000000 0.872998 0.000000 -0.487723 0.922895 0.922895 0.922895
1952.453369 0.000000 1173.617920 0.000000 0.960750 0.000000 -0.277414 0.910737 0.910737 0.910737
1941.008667 0.000000 1183.384277 0.000000 0.927958 0.000000 -0.372684 0.915446 0.915446 0.915446
1957.264648 0.000000 1179.895996 0.000000 0.955789 0.000000 -0.294052 0.906035 0.906035 0.906035
1942.212524 0.000000 1160.221680 0.000000 0.901600 0.000000 -0.432571 0.913067 0.913067 0.913067
1993.358643 0.000000 1176.833984 0.000000 0.317837 0.000000 0.948145 0.871973 0.871973 0.871973
1942.491211 0.000000 1154.231079 0.000000 0.121209 0.000000 0.992627 0.873949 0.873949 0.873949
1949.884277 0.000000 1168.739014 0.000000 0.030712 0.000000 -0.999528 0.969208 0.969208 0.969208
1946.955933 0.000000 1161.361084 0.000000 0.986776 0.000000 0.162089 0.895976 0.895976 0.895976
1955.899536 0.000000 1170.164429 0.000000 0.755710 0.000000 0.654906 0.874329 0.874329 0.874329
1938.428833 0.000000 1156.126831 0.000000 0.630210 0.000000 -0.776425 0.931959 0.931959 0.931959
1992.412842 0.000000 1181.035034 0.000000 0.981002 0.000000 -0.193999 0.904825 0.904825 0.904825
1986.204224 0.000000 1186.144775 0.000000 0.968916 0.000000 -0.247390 0.906740 0.906740 0.906740
1936.160400 0.000000 1180.223511 0.000000 0.167018 0.000000 0.985954 0.846410 0.846410 0.846410
1954.818726 0.000000 1176.754761 0.000000 0.955523 0.000000 -0.294916 0.916816 0.916816 0.916816
1951.430420 0.000000 1159.445435 0.000000 0.602626 0.000000 0.798024 0.873010 0.873010 0.873010
1997.784790 0.000000 1191.494751 0.000000 0.588466 0.000000 0.808522 0.866148 0.866148 0.866148
1941.563599 0.000000 1157.145020 0.000000 0.411667 0.000000 -0.911334 0.972131 0.972131 0.972131
1952.792847 0.000000 1170.281006 0.000000 0.998275 0.000000 -0.058713 0.903432 0.903432 0.903432
1938.123657 0.000000 1182.509644 0.000000 0.343954 0.000000 -0.938987 0.968512 0.968512 0.968512
2035.720825 0.000000 1157.946533 0.000000 0.987611 0.000000 -0.156925 0.900708 0.900708 0.900708
1999.304321 0.000000 1189.624268 0.000000 0.877946 0.000000 0.478759 0.882052 0.882052 0.882052
2034.214233 0.000000 1138.763184 0.000000 0.731960 0.000000 0.681347 0.898316 0.898316 0.898316
2047.838135 0.000000 1149.329468 0.000000 0.258487 0.000000 -0.966015 0.902942 0.902942 0.902942
2009.926758 0.000000 1193.245239 0.000000 0.518162 0.000000 0.855282 0.853889 0.853889 0.853889
2059.540283 0.000000 1132.999512 0.000000 0.752315 0.000000 0.658804 0.893536 0.893536 0.893536
2026.419556 0.000000 1157.880737 0.000000 0.635986 0.000000 -0.771701 0.929710 0.929710 0.929710
2043.677124 0.000000 1129.442871 0.000000 0.988626 0.000000 -0.150395 0.902375 0.902375 0.902375
2053.678467 0.000000 1143.257812 0.000000 0.021905 0.000000 -0.999760 0.934802 0.934802 0.934802
2010.561523 0.000000 1187.225708 0.000000 0.923471 0.000000 -0.383668 0.918580 0.918580 0.918580
2054.069824 0.000000 1132.121338 0.000000 0.898740 0.000000 -0.438481 0.928557 0.928557 0.928557
2057.990723 0.000000 1127.328247 0.000000 0.840385 0.000000 -0.541990 0.916731 0.916731 0.916731
2054.607422 0.000000 1137.899780 0.000000 0.803442 0.000000 0.595383 0.859878 0.859878 0.859878
2004.191162 0.000000 1178.379395 0.000000 0.904475 0.000000 0.426526 0.889109 0.889109 0.889109
2009.926880 0.000000 1180.467041 0.000000 0.872590 0.000000 -0.488453 0.924079 0.924079 0.924079
2014.115479 0.000000 1177.584473 0.000000 0.741888 0.000000 -0.670524 0.916513 0.916513 0.916513
2038.994629 0.000000 1129.720459 0.000000 0.172285 0.000000 -0.985047 0.959667 0.959667 0.959667
2035.437012 0.000000 1151.894409 0.000000 0.059181 0.000000 0.998247 0.869433 0.869433 0.869433
2051.275879 0.000000 1146.725342 0.000000 0.154330 0.000000 -0.988019 0.976350 0.976350 0.976350
2051.011963 0.000000 1140.064819 0.000000 0.194893 0.000000 0.980825 0.859847 0.859847 0.859847
2041.599487 0.000000 1126.254517 0.000000 0.732810 0.000000 -0.680434 0.921859 0.921859 0.921859
2002.108276 0.000000 1187.123535 0.000000 0.209158 0.000000 -0.977882 0.942783 0.942783 0.942783
2057.941162 0.000000 1136.312500 0.000000 0.263613 0.000000 0.964629 0.844330 0.844330 0.844330
2009.019409 0.000000 1183.989990 0.000000 0.796915 0.000000 0.604092 0.879596 0.879596 0.879596
2006.526245 0.000000 1192.154663 0.000000 0.994719 0.000000 -0.102636 0.905313 0.905313 0.905313
2054.827637 0.000000 1128.748413 0.000000 0.644858 0.000000 0.764302 0.864815 0.864815 0.864815
2056.683350 0.000000 1133.498413 0.000000 0.076117 0.000000 -0.997099 0.967164 0.967164 0.967164
2050.672363 0.000000 1144.023560 0.000000 0.968718 0.000000 -0.248164 0.914651 0.914651 0.914651
2053.982666 0.000000 1140.424683 0.000000 0.991098 0.000000 -0.133132 0.909301 0.909301 0.909301
2055.421875 0.000000 1135.600098 0.000000 0.548063 0.000000 0.836437 0.819860 0.819860 0.819860
2011.857910 0.000000 1182.291138 0.000000 0.350574 0.000000 0.936535 0.791016 0.791016 0.791016
1929.398438 0.000000 1206.094360 0.000000 0.778461 0.000000 -0.627693 0.925920 0.925920 0.925920
1922.147827 0.000000 1203.815796 0.000000 0.674292 0.000000 -0.738465 0.913067 0.913067 0.913067
1917.908447 0.000000 1203.997681 0.000000 0.989854 0.000000 -0.142087 0.907688 0.907688 0.907688
2084.879883 0.000000 1111.161011 0.000000 0.047923 0.000000 0.998851 0.876048 0.876048 0.876048
2111.194336 0.000000 1111.855591 0.000000 0.533831 0.000000 0.845591 0.888679 0.888679 0.888679
2100.411865 0.000000 1114.672607 0.000000 0.486144 0.000000 -0.873879 0.911944 0.911944 0.911944
2111.496094 0.000000 1102.370239 0.000000 0.978136 0.000000 -0.207967 0.901412 0.901412 0.901412
2093.163818 0.000000 1110.677612 0.000000 0.985108 0.000000 -0.171938 0.901941 0.901941 0.901941
2081.646973 0.000000 1104.081055 0.000000 0.943565 0.000000 0.331187 0.896966 0.896966 0.896966
2116.530273 0.000000 1107.775513 0.000000 0.593134 0.000000 0.805104 0.889486 0.889486 0.889486
2095.926758 0.000000 1117.342407 0.000000 0.726333 0.000000 0.687343 0.884675 0.884675 0.884675
2063.825195 0.000000 1108.844604 0.000000 0.981700 0.000000 -0.190432 0.903875 0.903875 0.903875
2093.220947 0.000000 1114.824707 0.000000 0.128085 0.000000 0.991763 0.828702 0.828702 0.828702
2064.666992 0.000000 1106.267700 0.000000 0.001682 0.000000 -0.999999 0.991666 0.991666 0.991666
2181.918457 0.000000 1089.955200 0.000000 0.816713 0.000000 -0.577045 0.927642 0.927642 0.927642
2183.550293 0.000000 1086.845825 0.000000 0.991942 0.000000 -0.126690 0.904567 0.904567 0.904567
2126.253906 0.000000 1145.846802 0.000000 0.532365 0.000000 0.846515 0.895464 0.895464 0.895464
2091.083252 0.000000 1118.074829 0.000000 0.841461 0.000000 -0.540318 0.910260 0.910260 0.910260
2066.678223 0.000000 1132.802734 0.000000 0.996295 0.000000 0.086005 0.897291 0.897291 0.897291
2124.032471 0.000000 1132.999512 0.000000 0.816437 0.000000 0.577435 0.893084 0.893084 0.893084
2107.017578 0.000000 1141.825317 0.000000 0.208411 0.000000 -0.978041 0.921404 0.921404 0.921404
2124.102783 0.000000 1139.531616 0.000000 0.471648 0.000000 0.881787 0.887871 0.887871 0.887871
2122.119629 0.000000 1159.883545 0.000000 0.971288 0.000000 0.237908 0.895142 0.895142 0.895142
2113.436523 0.000000 1122.702515 0.000000 0.924079 0.000000 -0.382200 0.907049 0.907049 0.907049
2089.515869 0.000000 1123.173462 0.000000 0.720001 0.000000 0.693973 0.882766 0.882766 0.882766
2087.281250 0.000000 1119.392700 0.000000 0.083682 0.000000 -0.996493 0.956800 0.956800 0.956800
2064.829590 0.000000 1138.911377 0.000000 0.713162 0.000000 -0.701000 0.952361 0.952361 0.952361
2131.170410 0.000000 1132.802734 0.000000 0.021467 0.000000 0.999770 0.875632 0.875632 0.875632
2128.344971 0.000000 1141.411133 0.000000 0.468593 0.000000 0.883414 0.887832 0.887832 0.887832
2131.820068 0.000000 1143.904663 0.000000 0.433030 0.000000 0.901380 0.874769 0.874769 0.874769
2228.183105 0.000000 1105.228271 0.000000 0.464052 0.000000 -0.885808 0.914671 0.914671 0.914671
2198.977295 0.000000 1097.399902 0.000000 0.641342 0.000000 0.767255 0.868560 0.868560 0.868560
2192.868408 0.000000 1086.467896 0.000000 0.301947 0.000000 -0.953325 0.971005 0.971005 0.971005
2230.663086 0.000000 1106.983154 0.000000 0.523814 0.000000 0.851833 0.826699 0.826699 0.826699
"}
