object={
	name="tree_leaf_3_high_generator_1_0"
	render_pass=Map
	clamp_to_water_level=no
	generated_content=yes
	layer="tree_high_layer"
	pdxmesh="tree_leaf_03_a_mesh"
	count=257
	transform="5018.587891 0.000000 3179.003418 0.000000 0.946504 0.000000 0.322692 0.789500 0.789500 0.789500
5021.638672 0.000000 3168.546631 0.000000 0.174498 0.000000 0.984658 0.089328 0.089328 0.089328
5020.785645 0.000000 3176.104980 0.000000 0.999715 0.000000 -0.023858 0.812152 0.812152 0.812152
5015.398926 0.000000 3177.878662 0.000000 0.599726 0.000000 -0.800206 1.272442 1.272442 1.272442
5011.292480 0.000000 3177.755127 0.000000 0.971302 0.000000 -0.237851 0.917992 0.917992 0.917992
5017.077148 0.000000 3160.923096 0.000000 0.944418 0.000000 0.328746 0.766549 0.766549 0.766549
5029.264648 0.000000 3176.347900 0.000000 0.342819 0.000000 -0.939402 0.904851 0.904851 0.904851
5025.961914 0.000000 3148.222900 0.000000 0.256300 0.000000 0.966597 0.666401 0.666401 0.666401
5019.684570 0.000000 3166.581299 0.000000 0.147742 0.000000 -0.989026 1.427882 1.427882 1.427882
5022.409180 0.000000 3152.810303 0.000000 0.997860 0.000000 0.065387 0.768374 0.768374 0.768374
5026.252930 0.000000 3177.487061 0.000000 0.928214 0.000000 0.372046 0.762693 0.762693 0.762693
5024.318848 0.000000 3161.215332 0.000000 0.002172 0.000000 -0.999998 1.598894 1.598894 1.598894
5010.220215 0.000000 3160.500000 0.000000 0.985142 0.000000 0.171741 0.782764 0.782764 0.782764
5017.992676 0.000000 3155.917969 0.000000 0.996769 0.000000 0.080316 0.791489 0.791489 0.791489
5020.080566 0.000000 3173.690674 0.000000 0.716653 0.000000 -0.697430 1.193077 1.193077 1.193077
5025.299805 0.000000 3156.878906 0.000000 0.655383 0.000000 0.755297 0.685440 0.685440 0.685440
5023.009766 0.000000 3170.591553 0.000000 0.725419 0.000000 0.688308 0.712060 0.712060 0.712060
5026.387695 0.000000 3158.972656 0.000000 0.989926 0.000000 0.141584 0.783827 0.783827 0.783827
5019.302246 0.000000 3168.925049 0.000000 0.390220 0.000000 -0.920722 1.395838 1.395838 1.395838
5016.585449 0.000000 3169.983154 0.000000 0.314627 0.000000 0.949215 0.637629 0.637629 0.637629
5008.675293 0.000000 3176.779541 0.000000 0.965433 0.000000 0.260651 0.706780 0.706780 0.706780
5011.425293 0.000000 3165.551270 0.000000 0.067216 0.000000 0.997738 0.034259 0.034259 0.034259
5028.002441 0.000000 3171.333740 0.000000 0.824316 0.000000 0.566130 0.493504 0.493504 0.493504
5029.981934 0.000000 3156.187500 0.000000 0.999567 0.000000 -0.029414 0.804877 0.804877 0.804877
5020.963867 0.000000 3171.500488 0.000000 0.016618 0.000000 0.999862 0.008464 0.008464 0.008464
5013.172852 0.000000 3173.267090 0.000000 0.994261 0.000000 -0.106981 0.843458 0.843458 0.843458
5022.621582 0.000000 3162.630859 0.000000 0.945841 0.000000 -0.324631 0.915558 0.915558 0.915558
5022.911133 0.000000 3175.411377 0.000000 0.411926 0.000000 0.911217 0.216230 0.216230 0.216230
5011.449707 0.000000 3174.517822 0.000000 0.025491 0.000000 -0.999675 1.435786 1.435786 1.435786
5009.825684 0.000000 3169.077881 0.000000 0.585325 0.000000 -0.810799 1.147469 1.147469 1.147469
5025.839844 0.000000 3152.781006 0.000000 0.790456 0.000000 -0.612518 0.930350 0.930350 0.930350
5021.999023 0.000000 3166.485840 0.000000 0.999998 0.000000 -0.001939 0.800988 0.800988 0.800988
5017.480957 0.000000 3173.075439 0.000000 0.236917 0.000000 0.971530 0.395751 0.395751 0.395751
5027.326660 0.000000 3151.105957 0.000000 0.435409 0.000000 -0.900233 1.247503 1.247503 1.247503
5013.370117 0.000000 3178.135742 0.000000 0.289593 0.000000 0.957150 0.448036 0.448036 0.448036
5004.511230 0.000000 3178.486328 0.000000 0.997810 0.000000 0.066143 0.780038 0.780038 0.780038
5023.330566 0.000000 3165.073975 0.000000 0.998189 0.000000 -0.060151 0.814545 0.814545 0.814545
5019.849121 0.000000 3155.466553 0.000000 0.074176 0.000000 0.997245 0.504092 0.504092 0.504092
5023.559570 0.000000 3168.619873 0.000000 0.871064 0.000000 0.491170 0.596962 0.596962 0.596962
5010.413574 0.000000 3176.137207 0.000000 0.390741 0.000000 0.920501 0.225469 0.225469 0.225469
5009.310059 0.000000 3158.147461 0.000000 0.928093 0.000000 0.372347 0.726084 0.726084 0.726084
5028.526855 0.000000 3154.954834 0.000000 0.691765 0.000000 -0.722123 0.969208 0.969208 0.969208
5007.319824 0.000000 3180.636475 0.000000 0.301022 0.000000 -0.953617 1.110768 1.110768 1.110768
5019.488281 0.000000 3164.706787 0.000000 0.962438 0.000000 -0.271500 0.860406 0.860406 0.860406
5012.260254 0.000000 3163.869873 0.000000 0.123739 0.000000 -0.992315 1.086059 1.086059 1.086059
5025.958008 0.000000 3165.347656 0.000000 0.993629 0.000000 0.112700 0.743157 0.743157 0.743157
5022.750488 0.000000 3160.319092 0.000000 0.047383 0.000000 0.998877 0.024141 0.024141 0.024141
5024.099609 0.000000 3172.058350 0.000000 0.126628 0.000000 -0.991950 1.347897 1.347897 1.347897
5029.806152 0.000000 3170.822754 0.000000 0.726658 0.000000 -0.686999 1.185716 1.185716 1.185716
5015.145020 0.000000 3180.985840 0.000000 0.994226 0.000000 -0.107306 0.849388 0.849388 0.849388
5021.276367 0.000000 3154.080811 0.000000 0.163919 0.000000 0.986474 0.474227 0.474227 0.474227
5024.371582 0.000000 3173.768066 0.000000 0.776075 0.000000 -0.630641 1.058946 1.058946 1.058946
5027.038086 0.000000 3149.499023 0.000000 0.897409 0.000000 0.441199 0.636643 0.636643 0.636643
5021.483398 0.000000 3174.538574 0.000000 0.817815 0.000000 0.575482 0.573432 0.573432 0.573432
5026.705566 0.000000 3173.760498 0.000000 0.190166 0.000000 -0.981752 1.337249 1.337249 1.337249
5011.137695 0.000000 3167.170654 0.000000 0.304395 0.000000 0.952546 0.157527 0.157527 0.157527
5022.842773 0.000000 3154.605469 0.000000 0.755845 0.000000 0.654751 0.606100 0.606100 0.606100
4999.526367 0.000000 3258.742432 0.000000 0.177222 0.000000 0.984171 0.090738 0.090738 0.090738
5009.586914 0.000000 3230.446533 0.000000 0.227602 0.000000 0.973754 0.116942 0.116942 0.116942
5021.638672 0.000000 3254.531006 0.000000 0.758349 0.000000 -0.651849 0.843960 0.843960 0.843960
5020.565430 0.000000 3222.309326 0.000000 0.999999 0.000000 -0.001567 0.800798 0.800798 0.800798
5005.842285 0.000000 3262.875732 0.000000 0.999244 0.000000 0.038883 0.797825 0.797825 0.797825
5021.078613 0.000000 3246.940430 0.000000 0.949748 0.000000 -0.313015 0.962142 0.962142 0.962142
5028.917480 0.000000 3255.119873 0.000000 0.773276 0.000000 0.634069 0.754734 0.754734 0.754734
4981.588867 0.000000 3261.789062 0.000000 0.023746 0.000000 -0.999718 1.414875 1.414875 1.414875
5013.812012 0.000000 3225.017334 0.000000 0.822993 0.000000 0.568052 0.492316 0.492316 0.492316
5027.252441 0.000000 3200.421387 0.000000 0.001222 0.000000 0.999999 0.643259 0.643259 0.643259
5000.681641 0.000000 3266.347656 0.000000 0.700777 0.000000 0.713380 0.711160 0.711160 0.711160
5013.537109 0.000000 3184.291992 0.000000 0.999980 0.000000 -0.006277 0.800652 0.800652 0.800652
5011.300293 0.000000 3235.411621 0.000000 0.962990 0.000000 -0.269536 0.842515 0.842515 0.842515
5012.366699 0.000000 3230.964600 0.000000 0.293703 0.000000 -0.955897 1.448180 1.448180 1.448180
5022.747559 0.000000 3184.761719 0.000000 0.965774 0.000000 0.259384 0.666369 0.666369 0.666369
4997.098145 0.000000 3258.290039 0.000000 0.978834 0.000000 0.204658 0.770772 0.770772 0.770772
4998.640137 0.000000 3256.452881 0.000000 0.997831 0.000000 -0.065824 0.826839 0.826839 0.826839
5019.519531 0.000000 3248.812256 0.000000 0.012806 0.000000 -0.999918 1.011594 1.011594 1.011594
4997.805664 0.000000 3260.572998 0.000000 0.704235 0.000000 -0.709967 0.905640 0.905640 0.905640
5006.028320 0.000000 3233.300049 0.000000 0.854743 0.000000 0.519051 0.522057 0.522057 0.522057
5028.002441 0.000000 3257.318115 0.000000 0.011274 0.000000 -0.999936 1.394915 1.394915 1.394915
4986.007324 0.000000 3265.055420 0.000000 0.320817 0.000000 0.947141 0.166332 0.166332 0.166332
5026.600586 0.000000 3216.321533 0.000000 0.222479 0.000000 -0.974937 1.012444 1.012444 1.012444
5015.986816 0.000000 3229.280762 0.000000 0.818530 0.000000 -0.574464 1.111663 1.111663 1.111663
5008.878906 0.000000 3250.667969 0.000000 0.998726 0.000000 -0.050470 0.808370 0.808370 0.808370
5009.038086 0.000000 3183.342773 0.000000 0.446836 0.000000 -0.894616 0.950422 0.950422 0.950422
5022.094727 0.000000 3231.487305 0.000000 0.011934 0.000000 -0.999929 1.313714 1.313714 1.313714
5007.180664 0.000000 3252.947754 0.000000 0.424932 0.000000 -0.905225 1.376477 1.376477 1.376477
4984.244141 0.000000 3266.359863 0.000000 0.981539 0.000000 -0.191261 0.894938 0.894938 0.894938
4999.642090 0.000000 3246.072266 0.000000 0.986809 0.000000 -0.161887 0.882813 0.882813 0.882813
4996.298340 0.000000 3262.413818 0.000000 0.293762 0.000000 0.955879 0.413653 0.413653 0.413653
5000.556641 0.000000 3263.437012 0.000000 0.799955 0.000000 -0.600060 1.055789 1.055789 1.055789
5026.799805 0.000000 3208.048584 0.000000 0.493429 0.000000 -0.869786 0.979063 0.979063 0.979063
5012.958008 0.000000 3226.962646 0.000000 0.999998 0.000000 0.002136 0.798912 0.798912 0.798912
5022.604004 0.000000 3222.082275 0.000000 0.843657 0.000000 -0.536883 1.088637 1.088637 1.088637
4996.224121 0.000000 3244.433105 0.000000 0.991609 0.000000 0.129276 0.772037 0.772037 0.772037
5021.195312 0.000000 3243.870850 0.000000 0.996861 0.000000 0.079174 0.784329 0.784329 0.784329
4984.058105 0.000000 3258.258789 0.000000 0.981933 0.000000 -0.189227 0.855132 0.855132 0.855132
4980.400391 0.000000 3260.107910 0.000000 0.915828 0.000000 -0.401572 0.964239 0.964239 0.964239
5021.886719 0.000000 3187.202637 0.000000 0.002750 0.000000 0.999996 0.358422 0.358422 0.358422
5023.461426 0.000000 3189.176025 0.000000 0.817048 0.000000 0.576569 0.599942 0.599942 0.599942
5018.790039 0.000000 3221.146484 0.000000 0.954393 0.000000 0.298552 0.730972 0.730972 0.730972
5014.409668 0.000000 3230.823730 0.000000 0.885968 0.000000 0.463747 0.660349 0.660349 0.660349
5008.296875 0.000000 3232.648438 0.000000 0.929329 0.000000 0.369252 0.645906 0.645906 0.645906
5004.511230 0.000000 3264.470703 0.000000 0.380031 0.000000 0.924974 0.531111 0.531111 0.531111
4985.905762 0.000000 3258.974609 0.000000 0.545175 0.000000 -0.838322 1.087919 1.087919 1.087919
5001.186523 0.000000 3244.528076 0.000000 0.903151 0.000000 -0.429323 1.025997 1.025997 1.025997
5014.062012 0.000000 3189.247559 0.000000 0.229280 0.000000 0.973360 0.537829 0.537829 0.537829
5027.766602 0.000000 3204.319824 0.000000 0.153421 0.000000 0.988161 0.078447 0.078447 0.078447
5006.692871 0.000000 3264.782471 0.000000 0.652057 0.000000 -0.758170 0.985612 0.985612 0.985612
4983.501465 0.000000 3261.922852 0.000000 0.363773 0.000000 0.931487 0.519943 0.519943 0.519943
4981.551270 0.000000 3264.358398 0.000000 0.354031 0.000000 -0.935234 1.314288 1.314288 1.314288
5023.559570 0.000000 3254.604248 0.000000 0.786814 0.000000 -0.617190 1.024516 1.024516 1.024516
4998.381348 0.000000 3242.285889 0.000000 0.981289 0.000000 0.192543 0.746211 0.746211 0.746211
5000.571289 0.000000 3242.356934 0.000000 0.954884 0.000000 -0.296979 0.878891 0.878891 0.878891
5007.319824 0.000000 3266.620850 0.000000 0.319251 0.000000 0.947670 0.255068 0.255068 0.255068
5027.282227 0.000000 3212.216309 0.000000 0.893421 0.000000 0.449221 0.706950 0.706950 0.706950
5016.796387 0.000000 3191.068848 0.000000 0.835943 0.000000 0.548816 0.657284 0.657284 0.657284
4999.786621 0.000000 3248.813232 0.000000 0.323503 0.000000 -0.946227 1.432223 1.432223 1.432223
4999.617188 0.000000 3260.530762 0.000000 0.822377 0.000000 -0.568942 0.989776 0.989776 0.989776
5000.519043 0.000000 3239.100586 0.000000 0.717952 0.000000 0.696093 0.567799 0.567799 0.567799
5030.000488 0.000000 3224.362793 0.000000 0.202398 0.000000 -0.979303 1.307818 1.307818 1.307818
5006.458496 0.000000 3235.438477 0.000000 0.992968 0.000000 -0.118382 0.860433 0.860433 0.860433
5024.651367 0.000000 3185.463623 0.000000 0.876108 0.000000 0.482114 0.643260 0.643260 0.643260
5023.420410 0.000000 3182.909180 0.000000 0.332093 0.000000 -0.943246 1.385753 1.385753 1.385753
5007.064453 0.000000 3183.568115 0.000000 0.930571 0.000000 0.366111 0.683964 0.683964 0.683964
5024.115723 0.000000 3206.305420 0.000000 0.943951 0.000000 -0.330087 0.919591 0.919591 0.919591
4998.812012 0.000000 3251.947021 0.000000 0.834311 0.000000 0.551295 0.616904 0.616904 0.616904
5011.146973 0.000000 3186.389160 0.000000 0.948834 0.000000 0.315777 0.685784 0.685784 0.685784
5024.584961 0.000000 3219.985596 0.000000 0.993299 0.000000 0.115572 0.761366 0.761366 0.761366
5029.806152 0.000000 3256.807129 0.000000 0.998224 0.000000 -0.059574 0.822739 0.822739 0.822739
4982.639160 0.000000 3260.413818 0.000000 0.112747 0.000000 -0.993624 1.140656 1.140656 1.140656
5030.028320 0.000000 3260.572510 0.000000 0.862182 0.000000 0.506598 0.616446 0.616446 0.616446
5010.096680 0.000000 3224.123291 0.000000 0.410049 0.000000 -0.912063 1.196759 1.196759 1.196759
5003.015137 0.000000 3247.397461 0.000000 0.489330 0.000000 0.872099 0.260414 0.260414 0.260414
5015.675293 0.000000 3224.966553 0.000000 0.459053 0.000000 0.888409 0.500694 0.500694 0.500694
5008.988770 0.000000 3266.825439 0.000000 0.865449 0.000000 -0.500996 0.942535 0.942535 0.942535
4999.759766 0.000000 3255.261475 0.000000 0.886552 0.000000 0.462629 0.555050 0.555050 0.555050
5021.483398 0.000000 3260.522949 0.000000 0.408010 0.000000 -0.912977 1.268765 1.268765 1.268765
5021.284180 0.000000 3220.736816 0.000000 0.801610 0.000000 -0.597847 1.022695 1.022695 1.022695
5024.214355 0.000000 3221.610596 0.000000 0.371644 0.000000 -0.928375 1.135121 1.135121 1.135121
5009.817383 0.000000 3234.568115 0.000000 0.933861 0.000000 -0.357637 0.928562 0.928562 0.928562
4998.307617 0.000000 3250.422363 0.000000 0.171907 0.000000 -0.985113 1.238376 1.238376 1.238376
5031.903809 0.000000 3177.326660 0.000000 0.505468 0.000000 -0.862845 0.810394 0.810394 0.810394
5033.514648 0.000000 3168.500244 0.000000 0.208946 0.000000 0.977927 0.691326 0.691326 0.691326
5049.853027 0.000000 3138.366455 0.000000 0.857372 0.000000 0.514697 0.753568 0.753568 0.753568
5033.748535 0.000000 3160.150391 0.000000 0.998180 0.000000 0.060308 0.794094 0.794094 0.794094
5036.803711 0.000000 3148.271729 0.000000 0.099105 0.000000 -0.995077 1.440700 1.440700 1.440700
5034.257324 0.000000 3148.171143 0.000000 0.153268 0.000000 0.988185 0.078367 0.078367 0.078367
5035.471680 0.000000 3158.507812 0.000000 0.108104 0.000000 0.994140 0.294680 0.294680 0.294680
5032.817383 0.000000 3150.881348 0.000000 0.874313 0.000000 0.485363 0.541900 0.541900 0.541900
5039.811523 0.000000 3164.088867 0.000000 0.863782 0.000000 -0.503866 0.965585 0.965585 0.965585
5044.216309 0.000000 3148.536621 0.000000 0.403541 0.000000 -0.914962 1.388447 1.388447 1.388447
5046.472168 0.000000 3139.016846 0.000000 0.197631 0.000000 0.980276 0.372572 0.372572 0.372572
5032.272461 0.000000 3148.939941 0.000000 0.089074 0.000000 -0.996025 1.554575 1.554575 1.554575
5044.581055 0.000000 3144.606689 0.000000 0.937667 0.000000 -0.347534 0.980769 0.980769 0.980769
5034.371094 0.000000 3166.545898 0.000000 0.854810 0.000000 0.518940 0.542827 0.542827 0.542827
5034.328125 0.000000 3146.201416 0.000000 0.679308 0.000000 0.733853 0.558085 0.558085 0.558085
5035.314941 0.000000 3154.218506 0.000000 0.172193 0.000000 0.985063 0.149552 0.149552 0.149552
5034.374512 0.000000 3170.021729 0.000000 0.987577 0.000000 -0.157135 0.863029 0.863029 0.863029
5035.290039 0.000000 3152.484131 0.000000 0.957740 0.000000 0.287635 0.665977 0.665977 0.665977
5046.581055 0.000000 3147.751465 0.000000 0.914224 0.000000 -0.405210 0.994151 0.994151 0.994151
5036.806641 0.000000 3149.938721 0.000000 0.926146 0.000000 0.377166 0.631617 0.631617 0.631617
5046.320312 0.000000 3151.094482 0.000000 0.491769 0.000000 0.870726 0.409570 0.409570 0.409570
5036.514648 0.000000 3162.705811 0.000000 0.845518 0.000000 0.533947 0.614380 0.614380 0.614380
5036.359863 0.000000 3252.560059 0.000000 0.662352 0.000000 -0.749192 1.231293 1.231293 1.231293
5031.307617 0.000000 3255.877197 0.000000 0.983953 0.000000 -0.178425 0.872372 0.872372 0.872372
5038.839355 0.000000 3251.928955 0.000000 0.805594 0.000000 0.592468 0.493510 0.493510 0.493510
5038.737793 0.000000 3245.893799 0.000000 0.811230 0.000000 0.584727 0.702706 0.702706 0.702706
5030.578613 0.000000 3213.795654 0.000000 0.996364 0.000000 0.085198 0.773593 0.773593 0.773593
5035.746582 0.000000 3254.651367 0.000000 0.793140 0.000000 0.609039 0.543654 0.543654 0.543654
5040.457031 0.000000 3242.064941 0.000000 0.793461 0.000000 -0.608621 0.929377 0.929377 0.929377
5042.815430 0.000000 3255.718994 0.000000 0.567332 0.000000 -0.823489 0.956524 0.956524 0.956524
5039.811523 0.000000 3250.073242 0.000000 0.717920 0.000000 0.696125 0.427841 0.427841 0.427841
5038.465820 0.000000 3253.956299 0.000000 0.563735 0.000000 0.825956 0.314723 0.314723 0.314723
5033.199219 0.000000 3259.619873 0.000000 0.233686 0.000000 -0.972312 1.053286 1.053286 1.053286
5039.183594 0.000000 3257.020508 0.000000 0.341448 0.000000 0.939901 0.177468 0.177468 0.177468
5042.653320 0.000000 3264.899414 0.000000 0.744235 0.000000 0.667918 0.560429 0.560429 0.560429
5030.430664 0.000000 3262.256836 0.000000 0.889224 0.000000 0.457472 0.605457 0.605457 0.605457
5040.822266 0.000000 3245.970703 0.000000 0.903435 0.000000 0.428725 0.700002 0.700002 0.700002
5034.374512 0.000000 3256.006104 0.000000 0.693317 0.000000 0.720633 0.390162 0.390162 0.390162
5044.615234 0.000000 3256.143799 0.000000 0.984490 0.000000 0.175440 0.759143 0.759143 0.759143
5039.441895 0.000000 3243.437012 0.000000 0.487384 0.000000 0.873188 0.477687 0.477687 0.477687
5031.793945 0.000000 3254.265625 0.000000 0.636686 0.000000 0.771123 0.444727 0.444727 0.444727
5032.755371 0.000000 3261.907227 0.000000 0.977463 0.000000 -0.211106 0.863299 0.863299 0.863299
5024.306152 0.000000 3294.368652 0.000000 0.677585 0.000000 0.735444 0.762042 0.762042 0.762042
5010.397949 0.000000 3323.731934 0.000000 0.556231 0.000000 0.831028 0.743183 0.743183 0.743183
5008.467773 0.000000 3309.533203 0.000000 0.883551 0.000000 -0.468335 1.020003 1.020003 1.020003
5011.244141 0.000000 3343.878418 0.000000 0.994365 0.000000 0.106011 0.790030 0.790030 0.790030
5015.385742 0.000000 3345.304443 0.000000 0.993406 0.000000 -0.114646 0.811474 0.811474 0.811474
5029.034180 0.000000 3288.603760 0.000000 0.809514 0.000000 0.587101 0.480431 0.480431 0.480431
5027.252441 0.000000 3286.405762 0.000000 0.099407 0.000000 -0.995047 0.961611 0.961611 0.961611
4999.241211 0.000000 3279.075928 0.000000 0.581307 0.000000 -0.813684 0.912000 0.912000 0.912000
5022.409180 0.000000 3324.779053 0.000000 0.839304 0.000000 -0.543662 1.053708 1.053708 1.053708
5011.300293 0.000000 3321.395996 0.000000 0.201506 0.000000 0.979487 0.597830 0.597830 0.597830
5003.666016 0.000000 3347.762451 0.000000 0.753011 0.000000 0.658008 0.679514 0.679514 0.679514
5015.207520 0.000000 3320.550781 0.000000 0.330126 0.000000 0.943937 0.237909 0.237909 0.237909
4999.907715 0.000000 3267.436523 0.000000 0.274331 0.000000 0.961635 0.335198 0.335198 0.335198
4982.319336 0.000000 3267.524414 0.000000 0.999970 0.000000 0.007686 0.796853 0.796853 0.796853
5015.986816 0.000000 3315.265137 0.000000 0.263041 0.000000 0.964785 0.135561 0.135561 0.135561
5011.760254 0.000000 3309.677979 0.000000 0.778896 0.000000 -0.627153 1.138478 1.138478 1.138478
5007.180664 0.000000 3338.932129 0.000000 0.492479 0.000000 0.870325 0.437285 0.437285 0.437285
5013.172852 0.000000 3345.235840 0.000000 0.733383 0.000000 0.679816 0.688028 0.688028 0.688028
4988.692383 0.000000 3277.425537 0.000000 0.272649 0.000000 -0.962114 1.459360 1.459360 1.459360
5015.771484 0.000000 3331.148193 0.000000 0.443328 0.000000 -0.896359 1.279500 1.279500 1.279500
5017.734863 0.000000 3314.045654 0.000000 0.177556 0.000000 0.984111 0.090910 0.090910 0.090910
5023.725098 0.000000 3303.378662 0.000000 0.093869 0.000000 -0.995585 1.041859 1.041859 1.041859
5028.984863 0.000000 3273.769775 0.000000 0.740232 0.000000 -0.672352 1.165236 1.165236 1.165236
5012.415527 0.000000 3333.937500 0.000000 0.482106 0.000000 -0.876113 1.143337 1.143337 1.143337
5008.987793 0.000000 3344.332520 0.000000 0.983971 0.000000 0.178329 0.760611 0.760611 0.760611
5023.213379 0.000000 3321.560791 0.000000 0.185702 0.000000 0.982606 0.562279 0.562279 0.562279
5024.231934 0.000000 3299.258057 0.000000 0.764087 0.000000 0.645113 0.587138 0.587138 0.587138
4980.226074 0.000000 3276.357910 0.000000 0.675687 0.000000 0.737188 0.518563 0.518563 0.518563
5021.195312 0.000000 3329.855225 0.000000 0.787292 0.000000 0.616580 0.542572 0.542572 0.542572
4983.048828 0.000000 3273.362549 0.000000 0.403454 0.000000 -0.915000 1.053861 1.053861 1.053861
5014.409668 0.000000 3316.808105 0.000000 0.904736 0.000000 0.425973 0.575891 0.575891 0.575891
5012.165527 0.000000 3331.815186 0.000000 0.990049 0.000000 -0.140722 0.829891 0.829891 0.829891
5028.010254 0.000000 3281.360107 0.000000 0.834649 0.000000 -0.550782 1.038823 1.038823 1.038823
5029.376465 0.000000 3277.614014 0.000000 0.535060 0.000000 0.844814 0.287538 0.287538 0.287538
5014.926270 0.000000 3327.227051 0.000000 0.931385 0.000000 0.364037 0.712188 0.712188 0.712188
4981.617188 0.000000 3279.255127 0.000000 0.500056 0.000000 -0.865993 1.027960 1.027960 1.027960
4987.917969 0.000000 3270.405029 0.000000 0.624063 0.000000 0.781374 0.393386 0.393386 0.393386
5016.223633 0.000000 3322.274658 0.000000 0.785703 0.000000 0.618604 0.608179 0.608179 0.608179
5005.781250 0.000000 3270.916016 0.000000 0.536554 0.000000 -0.843866 1.185176 1.185176 1.185176
4993.460449 0.000000 3274.329346 0.000000 0.376158 0.000000 -0.926556 1.252102 1.252102 1.252102
5023.444824 0.000000 3328.595215 0.000000 0.744128 0.000000 -0.668037 1.006017 1.006017 1.006017
4990.483398 0.000000 3276.696777 0.000000 0.759660 0.000000 -0.650320 1.160585 1.160585 1.160585
4997.152344 0.000000 3270.541504 0.000000 0.526877 0.000000 0.849942 0.540295 0.540295 0.540295
5019.488281 0.000000 3336.675537 0.000000 0.965020 0.000000 0.262177 0.688737 0.688737 0.688737
5017.271973 0.000000 3330.006348 0.000000 0.650537 0.000000 -0.759474 1.048058 1.048058 1.048058
5009.858398 0.000000 3308.299072 0.000000 0.586814 0.000000 0.809722 0.374047 0.374047 0.374047
5013.424316 0.000000 3321.247559 0.000000 0.813622 0.000000 -0.581394 0.940026 0.940026 0.940026
5012.260254 0.000000 3335.838623 0.000000 0.506794 0.000000 -0.862067 1.231766 1.231766 1.231766
5014.429688 0.000000 3325.009766 0.000000 0.652567 0.000000 0.757731 0.408459 0.408459 0.408459
4985.200195 0.000000 3272.738037 0.000000 0.732586 0.000000 -0.680674 0.959997 0.959997 0.959997
5005.348633 0.000000 3346.867432 0.000000 0.957202 0.000000 -0.289421 0.863335 0.863335 0.863335
5007.064453 0.000000 3269.552490 0.000000 0.937392 0.000000 -0.348277 0.964832 0.964832 0.964832
5028.301758 0.000000 3275.636230 0.000000 0.474793 0.000000 -0.880098 1.348037 1.348037 1.348037
5021.276367 0.000000 3326.049561 0.000000 0.026371 0.000000 -0.999652 1.345970 1.345970 1.345970
5015.903320 0.000000 3324.023193 0.000000 0.240498 0.000000 -0.970650 1.404694 1.404694 1.404694
5026.122559 0.000000 3308.808350 0.000000 0.465064 0.000000 -0.885277 1.093109 1.093109 1.093109
5016.561523 0.000000 3316.835938 0.000000 0.365676 0.000000 -0.930742 1.356770 1.356770 1.356770
4996.090332 0.000000 3271.829102 0.000000 0.910938 0.000000 0.412544 0.691288 0.691288 0.691288
4985.716797 0.000000 3269.663574 0.000000 0.990191 0.000000 -0.139719 0.836396 0.836396 0.836396
5024.151855 0.000000 3311.160645 0.000000 0.987671 0.000000 0.156542 0.751339 0.751339 0.751339
5022.737305 0.000000 3323.154297 0.000000 0.028978 0.000000 -0.999580 1.308096 1.308096 1.308096
4981.262695 0.000000 3277.623291 0.000000 0.998283 0.000000 0.058570 0.780102 0.780102 0.780102
5029.736816 0.000000 3304.805908 0.000000 0.549272 0.000000 -0.835644 1.141827 1.141827 1.141827
5022.489746 0.000000 3304.398438 0.000000 0.223279 0.000000 -0.974755 1.157441 1.157441 1.157441
5030.579102 0.000000 3305.304443 0.000000 0.317239 0.000000 0.948345 0.705285 0.705285 0.705285
5030.505371 0.000000 3275.481934 0.000000 0.865966 0.000000 -0.500103 0.848116 0.848116 0.848116
5039.860840 0.000000 3273.941162 0.000000 0.853590 0.000000 0.520945 0.712448 0.712448 0.712448
5033.745605 0.000000 3268.321777 0.000000 0.939063 0.000000 -0.343745 0.843452 0.843452 0.843452
5040.390625 0.000000 3271.094971 0.000000 0.740876 0.000000 -0.671642 1.104458 1.104458 1.104458
5031.561523 0.000000 3273.779541 0.000000 0.908356 0.000000 0.418198 0.718136 0.718136 0.718136
5035.839844 0.000000 3295.994141 0.000000 0.746227 0.000000 -0.665691 0.967305 0.967305 0.967305
5030.470703 0.000000 3269.809570 0.000000 0.905795 0.000000 -0.423716 1.022839 1.022839 1.022839
5040.640137 0.000000 3281.384277 0.000000 0.996809 0.000000 0.079821 0.770954 0.770954 0.770954
5038.917969 0.000000 3284.647217 0.000000 0.984222 0.000000 -0.176936 0.839788 0.839788 0.839788
5036.164062 0.000000 3286.218994 0.000000 0.973692 0.000000 -0.227868 0.876217 0.876217 0.876217
"}
