object={
	name="tree_cedar_generator_1_0"
	render_pass=Map
	clamp_to_water_level=no
	generated_content=yes
	layer="tree_high_layer"
	pdxmesh="tree_cedar_01_mesh"
	count=272
	transform="3220.825195 0.000000 1250.667358 0.000000 0.864291 0.000000 0.502992 1.000000 1.000000 1.000000
3167.752441 0.000000 1289.276733 0.000000 0.673932 0.000000 0.738793 1.000000 1.000000 1.000000
3222.781250 0.000000 1281.954834 0.000000 0.072888 0.000000 0.997340 1.000000 1.000000 1.000000
3165.231445 0.000000 1286.505249 0.000000 0.851757 0.000000 0.523938 1.000000 1.000000 1.000000
3223.092529 0.000000 1248.153320 0.000000 0.253710 0.000000 0.967280 1.000000 1.000000 1.000000
3223.136475 0.000000 1277.479126 0.000000 0.047167 0.000000 0.998887 1.000000 1.000000 1.000000
3110.268555 0.000000 1314.336304 0.000000 0.424847 0.000000 0.905265 1.000000 1.000000 1.000000
3105.221680 0.000000 1298.759155 0.000000 0.997031 0.000000 -0.076996 1.000000 1.000000 1.000000
3095.687500 0.000000 1324.365967 0.000000 0.958057 0.000000 0.286579 1.000000 1.000000 1.000000
3112.848389 0.000000 1318.007935 0.000000 0.453151 0.000000 0.891434 1.000000 1.000000 1.000000
3100.688477 0.000000 1300.582397 0.000000 0.872470 0.000000 -0.488668 1.000000 1.000000 1.000000
3097.978760 0.000000 1321.900024 0.000000 0.195808 0.000000 0.980642 1.000000 1.000000 1.000000
3113.092773 0.000000 1313.096436 0.000000 0.906194 0.000000 0.422863 1.000000 1.000000 1.000000
3102.569336 0.000000 1298.673218 0.000000 0.886520 0.000000 0.462690 1.000000 1.000000 1.000000
3097.991211 0.000000 1325.813843 0.000000 0.872067 0.000000 0.489386 1.000000 1.000000 1.000000
3103.683105 0.000000 1300.848755 0.000000 0.992307 0.000000 -0.123803 1.000000 1.000000 1.000000
3163.045410 0.000000 1304.771484 0.000000 0.337567 0.000000 0.941302 1.000000 1.000000 1.000000
3221.368408 0.000000 1355.555176 0.000000 0.408079 0.000000 0.912947 1.000000 1.000000 1.000000
3163.261963 0.000000 1296.810181 0.000000 0.999451 0.000000 -0.033145 1.000000 1.000000 1.000000
3215.639404 0.000000 1358.812866 0.000000 0.232145 0.000000 0.972681 1.000000 1.000000 1.000000
3198.376709 0.000000 1367.804077 0.000000 0.767370 0.000000 0.641205 1.000000 1.000000 1.000000
3188.321045 0.000000 1339.012817 0.000000 0.980412 0.000000 -0.196960 1.000000 1.000000 1.000000
3211.894287 0.000000 1369.549805 0.000000 0.994759 0.000000 0.102248 1.000000 1.000000 1.000000
3215.857178 0.000000 1362.874512 0.000000 0.719577 0.000000 0.694413 1.000000 1.000000 1.000000
3165.180664 0.000000 1300.582397 0.000000 0.995773 0.000000 -0.091849 1.000000 1.000000 1.000000
3167.025146 0.000000 1296.056519 0.000000 0.991021 0.000000 0.133704 1.000000 1.000000 1.000000
3199.400146 0.000000 1362.501099 0.000000 0.954082 0.000000 0.299547 1.000000 1.000000 1.000000
3221.907715 0.000000 1340.396851 0.000000 0.867179 0.000000 0.497997 1.000000 1.000000 1.000000
3166.066650 0.000000 1289.884399 0.000000 0.999102 0.000000 0.042375 1.000000 1.000000 1.000000
3191.033203 0.000000 1340.562500 0.000000 0.960908 0.000000 -0.276868 1.000000 1.000000 1.000000
3198.045898 0.000000 1364.936279 0.000000 0.700439 0.000000 0.713712 1.000000 1.000000 1.000000
3201.133545 0.000000 1367.244629 0.000000 0.870119 0.000000 -0.492842 1.000000 1.000000 1.000000
3224.656006 0.000000 1275.608643 0.000000 0.953496 0.000000 0.301405 1.000000 1.000000 1.000000
3224.843750 0.000000 1245.041870 0.000000 0.268799 0.000000 0.963196 1.000000 1.000000 1.000000
3251.770996 0.000000 1243.865112 0.000000 0.842322 0.000000 0.538975 1.000000 1.000000 1.000000
3230.852295 0.000000 1269.368652 0.000000 0.995097 0.000000 0.098901 1.000000 1.000000 1.000000
3239.731689 0.000000 1235.522949 0.000000 0.802945 0.000000 0.596053 1.000000 1.000000 1.000000
3232.244629 0.000000 1289.276733 0.000000 0.324002 0.000000 0.946057 1.000000 1.000000 1.000000
3239.728027 0.000000 1254.723389 0.000000 0.994724 0.000000 -0.102589 1.000000 1.000000 1.000000
3229.542725 0.000000 1264.363770 0.000000 0.985518 0.000000 -0.169573 1.000000 1.000000 1.000000
3233.145264 0.000000 1284.104614 0.000000 0.097908 0.000000 0.995196 1.000000 1.000000 1.000000
3237.747070 0.000000 1258.825439 0.000000 0.880325 0.000000 -0.474371 1.000000 1.000000 1.000000
3236.386719 0.000000 1238.485596 0.000000 0.398139 0.000000 0.917325 1.000000 1.000000 1.000000
3235.969971 0.000000 1288.896973 0.000000 0.861767 0.000000 0.507304 1.000000 1.000000 1.000000
3233.671387 0.000000 1236.064209 0.000000 0.561575 0.000000 0.827426 1.000000 1.000000 1.000000
3236.702393 0.000000 1255.769165 0.000000 0.629043 0.000000 0.777371 1.000000 1.000000 1.000000
3231.992676 0.000000 1266.298950 0.000000 0.973303 0.000000 0.229524 1.000000 1.000000 1.000000
3231.131104 0.000000 1261.689331 0.000000 0.956983 0.000000 -0.290145 1.000000 1.000000 1.000000
3238.087891 0.000000 1233.961182 0.000000 0.693300 0.000000 0.720649 1.000000 1.000000 1.000000
3259.992676 0.000000 1299.601196 0.000000 0.376078 0.000000 0.926588 1.000000 1.000000 1.000000
3235.278320 0.000000 1365.213989 0.000000 0.610964 0.000000 0.791658 1.000000 1.000000 1.000000
3239.252930 0.000000 1314.336304 0.000000 0.065699 0.000000 0.997839 1.000000 1.000000 1.000000
3226.370850 0.000000 1340.890869 0.000000 0.085543 0.000000 0.996334 1.000000 1.000000 1.000000
3232.244629 0.000000 1375.261108 0.000000 0.122586 0.000000 0.992458 1.000000 1.000000 1.000000
3232.668457 0.000000 1292.395264 0.000000 0.954570 0.000000 -0.297988 1.000000 1.000000 1.000000
3242.205322 0.000000 1309.520630 0.000000 0.542654 0.000000 0.839956 1.000000 1.000000 1.000000
3229.542725 0.000000 1350.348145 0.000000 0.988736 0.000000 0.149670 1.000000 1.000000 1.000000
3233.145264 0.000000 1370.088989 0.000000 0.529375 0.000000 0.848388 1.000000 1.000000 1.000000
3238.275635 0.000000 1310.460815 0.000000 0.691523 0.000000 0.722354 1.000000 1.000000 1.000000
3226.004150 0.000000 1352.192261 0.000000 0.982115 0.000000 0.188283 1.000000 1.000000 1.000000
3239.351562 0.000000 1306.859009 0.000000 0.043292 0.000000 0.999062 1.000000 1.000000 1.000000
3235.545166 0.000000 1290.215332 0.000000 0.884400 0.000000 -0.466731 1.000000 1.000000 1.000000
3240.448975 0.000000 1311.277832 0.000000 0.726082 0.000000 0.687608 1.000000 1.000000 1.000000
3239.927246 0.000000 1308.967407 0.000000 0.324069 0.000000 0.946033 1.000000 1.000000 1.000000
3298.758057 0.000000 1339.179077 0.000000 0.397415 0.000000 0.917639 1.000000 1.000000 1.000000
3314.140625 0.000000 1365.205566 0.000000 0.391750 0.000000 0.920072 1.000000 1.000000 1.000000
3319.423096 0.000000 1364.233398 0.000000 0.952233 0.000000 0.305373 1.000000 1.000000 1.000000
3316.450928 0.000000 1362.422485 0.000000 0.951547 0.000000 0.307504 1.000000 1.000000 1.000000
3295.623291 0.000000 1347.673706 0.000000 0.897993 0.000000 0.440009 1.000000 1.000000 1.000000
3658.699219 0.000000 1262.882324 0.000000 0.838990 0.000000 0.544147 1.000000 1.000000 1.000000
3660.109619 0.000000 1259.265991 0.000000 0.994726 0.000000 0.102570 1.000000 1.000000 1.000000
3656.062256 0.000000 1260.106934 0.000000 0.940595 0.000000 -0.339531 1.000000 1.000000 1.000000
3656.824951 0.000000 1266.393799 0.000000 0.872303 0.000000 0.488966 1.000000 1.000000 1.000000
2692.041748 0.000000 1681.203735 0.000000 0.640262 0.000000 0.768157 1.000000 1.000000 1.000000
2701.565918 0.000000 1685.708130 0.000000 0.999401 0.000000 -0.034611 1.000000 1.000000 1.000000
2756.116211 0.000000 1627.761841 0.000000 0.732960 0.000000 0.680272 1.000000 1.000000 1.000000
2744.120605 0.000000 1621.134521 0.000000 0.117953 0.000000 0.993019 1.000000 1.000000 1.000000
2766.431396 0.000000 1629.855225 0.000000 0.026858 0.000000 0.999639 1.000000 1.000000 1.000000
2761.452148 0.000000 1623.681763 0.000000 0.221835 0.000000 0.975084 1.000000 1.000000 1.000000
2760.448975 0.000000 1627.502930 0.000000 0.700711 0.000000 0.713445 1.000000 1.000000 1.000000
2758.172363 0.000000 1630.159668 0.000000 0.111533 0.000000 0.993761 1.000000 1.000000 1.000000
2774.677490 0.000000 1629.607788 0.000000 0.487366 0.000000 0.873198 1.000000 1.000000 1.000000
2772.817139 0.000000 1641.988647 0.000000 0.095615 0.000000 0.995418 1.000000 1.000000 1.000000
2771.842041 0.000000 1637.863647 0.000000 0.520978 0.000000 0.853570 1.000000 1.000000 1.000000
2900.160156 0.000000 1403.799927 0.000000 0.953803 0.000000 -0.300434 1.000000 1.000000 1.000000
2896.781250 0.000000 1378.063110 0.000000 0.579411 0.000000 0.815035 1.000000 1.000000 1.000000
2926.102295 0.000000 1396.814087 0.000000 0.444119 0.000000 0.895968 1.000000 1.000000 1.000000
2902.251221 0.000000 1399.364258 0.000000 0.940343 0.000000 -0.340227 1.000000 1.000000 1.000000
2912.102295 0.000000 1394.337158 0.000000 0.843095 0.000000 -0.537764 1.000000 1.000000 1.000000
2931.401367 0.000000 1400.929810 0.000000 0.999997 0.000000 -0.002237 1.000000 1.000000 1.000000
2914.319336 0.000000 1390.358032 0.000000 0.076697 0.000000 0.997054 1.000000 1.000000 1.000000
2916.890625 0.000000 1392.843384 0.000000 0.217748 0.000000 0.976005 1.000000 1.000000 1.000000
3020.345703 0.000000 1506.159912 0.000000 0.872741 0.000000 0.488184 1.000000 1.000000 1.000000
3008.880127 0.000000 1514.959717 0.000000 0.916985 0.000000 -0.398922 1.000000 1.000000 1.000000
2999.112305 0.000000 1492.521606 0.000000 0.580580 0.000000 0.814203 1.000000 1.000000 1.000000
3013.777344 0.000000 1520.835449 0.000000 0.831457 0.000000 0.555589 1.000000 1.000000 1.000000
3004.132324 0.000000 1488.674927 0.000000 0.352755 0.000000 0.935716 1.000000 1.000000 1.000000
3016.577637 0.000000 1503.437378 0.000000 0.586314 0.000000 0.810084 1.000000 1.000000 1.000000
3002.782715 0.000000 1492.109375 0.000000 0.950723 0.000000 -0.310040 1.000000 1.000000 1.000000
3005.417969 0.000000 1515.789062 0.000000 0.424142 0.000000 0.905596 1.000000 1.000000 1.000000
2878.553467 0.000000 1581.418457 0.000000 0.036714 0.000000 0.999326 1.000000 1.000000 1.000000
2893.178467 0.000000 1616.765991 0.000000 0.950296 0.000000 -0.311347 1.000000 1.000000 1.000000
2896.249268 0.000000 1606.755859 0.000000 0.579276 0.000000 0.815131 1.000000 1.000000 1.000000
2895.303467 0.000000 1610.956909 0.000000 0.831337 0.000000 0.555769 1.000000 1.000000 1.000000
2937.104980 0.000000 1568.685059 0.000000 0.380947 0.000000 0.924597 1.000000 1.000000 1.000000
2909.595215 0.000000 1590.143555 0.000000 0.754028 0.000000 0.656842 1.000000 1.000000 1.000000
2930.077148 0.000000 1601.880859 0.000000 0.934436 0.000000 0.356131 1.000000 1.000000 1.000000
2905.293213 0.000000 1554.763306 0.000000 0.977745 0.000000 0.209796 1.000000 1.000000 1.000000
2934.724121 0.000000 1601.293213 0.000000 0.603872 0.000000 0.797081 1.000000 1.000000 1.000000
2946.648193 0.000000 1604.044434 0.000000 0.780858 0.000000 0.624709 1.000000 1.000000 1.000000
2939.811279 0.000000 1566.468872 0.000000 0.572092 0.000000 0.820189 1.000000 1.000000 1.000000
3069.392334 0.000000 1711.741577 0.000000 0.954536 0.000000 0.298097 1.000000 1.000000 1.000000
3084.809082 0.000000 1691.845825 0.000000 0.786111 0.000000 0.618085 1.000000 1.000000 1.000000
3070.415771 0.000000 1706.438599 0.000000 0.236351 0.000000 0.971668 1.000000 1.000000 1.000000
3072.149170 0.000000 1711.182129 0.000000 0.291923 0.000000 0.956442 1.000000 1.000000 1.000000
3087.643311 0.000000 1691.075928 0.000000 0.936316 0.000000 -0.351159 1.000000 1.000000 1.000000
3061.532959 0.000000 1714.695068 0.000000 0.976509 0.000000 -0.215475 1.000000 1.000000 1.000000
3094.941650 0.000000 1719.479126 0.000000 0.402841 0.000000 0.915270 1.000000 1.000000 1.000000
2756.417969 0.000000 1790.245239 0.000000 0.935570 0.000000 0.353140 1.000000 1.000000 1.000000
2761.452148 0.000000 1795.650513 0.000000 0.876819 0.000000 -0.480821 1.000000 1.000000 1.000000
2773.210693 0.000000 1791.514893 0.000000 0.771117 0.000000 0.636694 1.000000 1.000000 1.000000
2824.975098 0.000000 1773.172729 0.000000 0.619821 0.000000 0.784743 1.000000 1.000000 1.000000
2767.796875 0.000000 1807.984985 0.000000 0.371603 0.000000 0.928392 1.000000 1.000000 1.000000
2761.193604 0.000000 1814.524414 0.000000 0.964596 0.000000 -0.263734 1.000000 1.000000 1.000000
2774.151367 0.000000 1806.221313 0.000000 0.962480 0.000000 0.271353 1.000000 1.000000 1.000000
2794.157227 0.000000 1810.274414 0.000000 0.981721 0.000000 -0.190328 1.000000 1.000000 1.000000
2890.917969 0.000000 1782.505127 0.000000 0.724757 0.000000 0.689005 1.000000 1.000000 1.000000
2885.100586 0.000000 1799.730591 0.000000 0.785291 0.000000 0.619127 1.000000 1.000000 1.000000
2870.127930 0.000000 1750.474731 0.000000 0.902643 0.000000 -0.430390 1.000000 1.000000 1.000000
2875.147949 0.000000 1746.628052 0.000000 0.747282 0.000000 0.664507 1.000000 1.000000 1.000000
2841.396240 0.000000 1765.854370 0.000000 0.966735 0.000000 -0.255779 1.000000 1.000000 1.000000
2895.303467 0.000000 1782.925659 0.000000 0.245167 0.000000 0.969481 1.000000 1.000000 1.000000
2888.935059 0.000000 1791.869263 0.000000 0.989739 0.000000 -0.142890 1.000000 1.000000 1.000000
2887.143311 0.000000 1797.585571 0.000000 0.643337 0.000000 0.765583 1.000000 1.000000 1.000000
2852.299805 0.000000 1830.242554 0.000000 0.555852 0.000000 0.831282 1.000000 1.000000 1.000000
2863.439697 0.000000 1816.396240 0.000000 0.831794 0.000000 -0.555084 1.000000 1.000000 1.000000
2847.610107 0.000000 1824.259033 0.000000 0.966110 0.000000 0.258129 1.000000 1.000000 1.000000
2852.778564 0.000000 1837.413574 0.000000 0.429537 0.000000 0.903049 1.000000 1.000000 1.000000
2863.422119 0.000000 1811.048462 0.000000 0.511249 0.000000 0.859433 1.000000 1.000000 1.000000
3058.466064 0.000000 1719.965454 0.000000 0.999776 0.000000 0.021151 1.000000 1.000000 1.000000
3081.583008 0.000000 1737.659790 0.000000 0.993534 0.000000 -0.113536 1.000000 1.000000 1.000000
3074.400391 0.000000 1743.715942 0.000000 0.939918 0.000000 -0.341400 1.000000 1.000000 1.000000
3070.869629 0.000000 1731.611084 0.000000 0.585963 0.000000 0.810338 1.000000 1.000000 1.000000
3083.356445 0.000000 1753.328125 0.000000 0.896629 0.000000 -0.442783 1.000000 1.000000 1.000000
3079.794678 0.000000 1741.173218 0.000000 0.360857 0.000000 0.932621 1.000000 1.000000 1.000000
3077.421143 0.000000 1743.016113 0.000000 0.763392 0.000000 0.645935 1.000000 1.000000 1.000000
3094.216309 0.000000 1745.955566 0.000000 0.411418 0.000000 0.911447 1.000000 1.000000 1.000000
2922.434814 0.000000 1958.875122 0.000000 0.548849 0.000000 0.835922 1.000000 1.000000 1.000000
2963.900879 0.000000 1962.198975 0.000000 0.879524 0.000000 -0.475854 1.000000 1.000000 1.000000
2957.888428 0.000000 1964.765137 0.000000 0.991314 0.000000 -0.131518 1.000000 1.000000 1.000000
2925.935303 0.000000 1957.632324 0.000000 0.749346 0.000000 0.662178 1.000000 1.000000 1.000000
2961.098145 0.000000 1960.086304 0.000000 0.099220 0.000000 0.995066 1.000000 1.000000 1.000000
2922.689697 0.000000 1947.021484 0.000000 0.864337 0.000000 -0.502913 1.000000 1.000000 1.000000
2924.338379 0.000000 1958.771362 0.000000 0.862188 0.000000 0.506588 1.000000 1.000000 1.000000
2969.764404 0.000000 1964.718872 0.000000 0.599633 0.000000 0.800275 1.000000 1.000000 1.000000
3159.770264 0.000000 1384.035522 0.000000 0.938833 0.000000 0.344372 1.000000 1.000000 1.000000
3158.795166 0.000000 1379.910522 0.000000 0.994317 0.000000 0.106459 1.000000 1.000000 1.000000
3159.087158 0.000000 1377.503906 0.000000 0.169954 0.000000 0.985452 1.000000 1.000000 1.000000
3205.037842 0.000000 1378.989624 0.000000 0.565859 0.000000 0.824502 1.000000 1.000000 1.000000
3161.104492 0.000000 1376.299438 0.000000 0.961513 0.000000 -0.274761 1.000000 1.000000 1.000000
3208.697510 0.000000 1407.282593 0.000000 0.478776 0.000000 0.877937 1.000000 1.000000 1.000000
3195.500488 0.000000 1385.585571 0.000000 0.545411 0.000000 0.838169 1.000000 1.000000 1.000000
3160.219971 0.000000 1399.364258 0.000000 0.077079 0.000000 0.997025 1.000000 1.000000 1.000000
3201.014404 0.000000 1409.449707 0.000000 0.423781 0.000000 0.905765 1.000000 1.000000 1.000000
3190.438477 0.000000 1381.851074 0.000000 0.776799 0.000000 0.629749 1.000000 1.000000 1.000000
3199.694580 0.000000 1381.519775 0.000000 0.839255 0.000000 -0.543739 1.000000 1.000000 1.000000
3214.929199 0.000000 1390.074463 0.000000 0.838017 0.000000 0.545644 1.000000 1.000000 1.000000
3164.647705 0.000000 1396.004028 0.000000 0.822101 0.000000 -0.569341 1.000000 1.000000 1.000000
3215.466797 0.000000 1395.852905 0.000000 0.247252 0.000000 0.968951 1.000000 1.000000 1.000000
3196.296387 0.000000 1409.847534 0.000000 0.077949 0.000000 0.996957 1.000000 1.000000 1.000000
3195.173584 0.000000 1380.914551 0.000000 0.990933 0.000000 -0.134358 1.000000 1.000000 1.000000
3192.464844 0.000000 1417.187012 0.000000 0.994455 0.000000 0.105164 1.000000 1.000000 1.000000
3161.356445 0.000000 1386.664551 0.000000 0.991499 0.000000 -0.130111 1.000000 1.000000 1.000000
3201.599365 0.000000 1376.184448 0.000000 0.675928 0.000000 0.736968 1.000000 1.000000 1.000000
3160.152100 0.000000 1380.208252 0.000000 0.116793 0.000000 0.993156 1.000000 1.000000 1.000000
3217.328125 0.000000 1399.115234 0.000000 0.931431 0.000000 0.363917 1.000000 1.000000 1.000000
3215.486084 0.000000 1404.330688 0.000000 0.973125 0.000000 0.230279 1.000000 1.000000 1.000000
3163.308105 0.000000 1398.745117 0.000000 0.958721 0.000000 0.284350 1.000000 1.000000 1.000000
3213.687988 0.000000 1406.836304 0.000000 0.987999 0.000000 0.154459 1.000000 1.000000 1.000000
3214.842041 0.000000 1398.377808 0.000000 0.386557 0.000000 0.922265 1.000000 1.000000 1.000000
3211.224854 0.000000 1407.015259 0.000000 0.927284 0.000000 0.374359 1.000000 1.000000 1.000000
3261.072266 0.000000 1415.899658 0.000000 0.762591 0.000000 0.646881 1.000000 1.000000 1.000000
3257.081055 0.000000 1406.537231 0.000000 0.999455 0.000000 -0.033012 1.000000 1.000000 1.000000
3276.420410 0.000000 1429.235229 0.000000 0.974653 0.000000 0.223724 1.000000 1.000000 1.000000
3284.270020 0.000000 1412.802368 0.000000 0.784734 0.000000 0.619833 1.000000 1.000000 1.000000
3265.506592 0.000000 1409.449707 0.000000 0.908321 0.000000 0.418274 1.000000 1.000000 1.000000
3285.317383 0.000000 1422.636108 0.000000 0.939095 0.000000 -0.343657 1.000000 1.000000 1.000000
3271.746094 0.000000 1434.851074 0.000000 0.983982 0.000000 0.178269 1.000000 1.000000 1.000000
3262.101074 0.000000 1402.690552 0.000000 0.839494 0.000000 -0.543369 1.000000 1.000000 1.000000
3232.668457 0.000000 1378.379639 0.000000 0.952863 0.000000 0.303399 1.000000 1.000000 1.000000
3281.995605 0.000000 1427.755005 0.000000 0.953934 0.000000 0.300016 1.000000 1.000000 1.000000
3256.405518 0.000000 1412.353394 0.000000 0.934046 0.000000 0.357152 1.000000 1.000000 1.000000
3273.345459 0.000000 1400.939331 0.000000 0.994611 0.000000 -0.103675 1.000000 1.000000 1.000000
3260.788574 0.000000 1409.847534 0.000000 0.976906 0.000000 -0.213671 1.000000 1.000000 1.000000
3276.627441 0.000000 1404.678467 0.000000 0.532925 0.000000 0.846162 1.000000 1.000000 1.000000
3281.231934 0.000000 1423.562012 0.000000 0.539003 0.000000 0.842304 1.000000 1.000000 1.000000
3276.363525 0.000000 1398.017944 0.000000 0.127768 0.000000 0.991804 1.000000 1.000000 1.000000
3264.557617 0.000000 1405.609985 0.000000 0.528343 0.000000 0.849031 1.000000 1.000000 1.000000
3259.647705 0.000000 1412.892334 0.000000 0.703818 0.000000 0.710380 1.000000 1.000000 1.000000
3278.880371 0.000000 1426.936401 0.000000 0.979636 0.000000 -0.200780 1.000000 1.000000 1.000000
3273.271240 0.000000 1397.235718 0.000000 0.375548 0.000000 0.926803 1.000000 1.000000 1.000000
3276.023926 0.000000 1401.976685 0.000000 0.982837 0.000000 -0.184474 1.000000 1.000000 1.000000
3287.812256 0.000000 1406.315552 0.000000 0.821781 0.000000 -0.569804 1.000000 1.000000 1.000000
3274.411865 0.000000 1398.997803 0.000000 0.973389 0.000000 -0.229160 1.000000 1.000000 1.000000
3289.335938 0.000000 1417.010620 0.000000 0.930740 0.000000 0.365681 1.000000 1.000000 1.000000
3292.841553 0.000000 1421.916870 0.000000 0.508664 0.000000 0.860965 1.000000 1.000000 1.000000
3290.073486 0.000000 1420.131958 0.000000 0.999994 0.000000 -0.003399 1.000000 1.000000 1.000000
3273.189697 0.000000 1493.266968 0.000000 0.456062 0.000000 0.889948 1.000000 1.000000 1.000000
3279.030029 0.000000 1487.195312 0.000000 0.063607 0.000000 0.997975 1.000000 1.000000 1.000000
3254.410645 0.000000 1478.231689 0.000000 0.926715 0.000000 -0.375766 1.000000 1.000000 1.000000
3284.962158 0.000000 1483.469116 0.000000 0.993097 0.000000 0.117296 1.000000 1.000000 1.000000
3264.346191 0.000000 1473.657959 0.000000 0.573268 0.000000 0.819368 1.000000 1.000000 1.000000
3263.886475 0.000000 1483.570923 0.000000 0.552527 0.000000 0.833495 1.000000 1.000000 1.000000
3286.361816 0.000000 1532.277100 0.000000 0.800449 0.000000 0.599402 1.000000 1.000000 1.000000
3276.627441 0.000000 1490.662842 0.000000 0.976403 0.000000 0.215957 1.000000 1.000000 1.000000
3283.017090 0.000000 1488.696655 0.000000 0.980249 0.000000 -0.197766 1.000000 1.000000 1.000000
3251.634033 0.000000 1480.680786 0.000000 0.895515 0.000000 -0.445032 1.000000 1.000000 1.000000
3257.062256 0.000000 1475.971924 0.000000 0.890440 0.000000 0.455101 1.000000 1.000000 1.000000
3262.272217 0.000000 1480.484497 0.000000 0.991229 0.000000 0.132159 1.000000 1.000000 1.000000
3279.978271 0.000000 1490.315063 0.000000 0.991775 0.000000 -0.127993 1.000000 1.000000 1.000000
3281.154297 0.000000 1487.204102 0.000000 0.870360 0.000000 -0.492416 1.000000 1.000000 1.000000
3311.458740 0.000000 1493.431641 0.000000 0.894823 0.000000 0.446422 1.000000 1.000000 1.000000
3313.055420 0.000000 1482.798462 0.000000 0.804067 0.000000 0.594538 1.000000 1.000000 1.000000
3317.030273 0.000000 1515.896484 0.000000 0.169696 0.000000 0.985496 1.000000 1.000000 1.000000
3311.698730 0.000000 1477.211426 0.000000 0.617638 0.000000 0.786462 1.000000 1.000000 1.000000
3289.878418 0.000000 1528.092163 0.000000 0.907329 0.000000 0.420422 1.000000 1.000000 1.000000
3290.496338 0.000000 1524.161011 0.000000 0.998328 0.000000 -0.057799 1.000000 1.000000 1.000000
3315.650879 0.000000 1476.202637 0.000000 0.999972 0.000000 -0.007427 1.000000 1.000000 1.000000
3291.951904 0.000000 1531.061035 0.000000 0.893243 0.000000 0.449575 1.000000 1.000000 1.000000
3109.362549 0.000000 1672.447876 0.000000 0.030196 0.000000 0.999544 1.000000 1.000000 1.000000
3109.357422 0.000000 1716.102417 0.000000 0.941032 0.000000 -0.338319 1.000000 1.000000 1.000000
3103.071777 0.000000 1676.127930 0.000000 0.923589 0.000000 0.383383 1.000000 1.000000 1.000000
3127.801758 0.000000 1719.233032 0.000000 0.639025 0.000000 0.769186 1.000000 1.000000 1.000000
3108.762695 0.000000 1688.747314 0.000000 0.933901 0.000000 0.357533 1.000000 1.000000 1.000000
3147.379150 0.000000 1655.971069 0.000000 0.872413 0.000000 0.488769 1.000000 1.000000 1.000000
3117.843506 0.000000 1716.474243 0.000000 0.738971 0.000000 0.673738 1.000000 1.000000 1.000000
3144.286865 0.000000 1655.188843 0.000000 0.023159 0.000000 0.999732 1.000000 1.000000 1.000000
3107.718018 0.000000 1685.691040 0.000000 0.996141 0.000000 0.087765 1.000000 1.000000 1.000000
3106.310059 0.000000 1716.023315 0.000000 0.414067 0.000000 0.910246 1.000000 1.000000 1.000000
3111.706299 0.000000 1677.282349 0.000000 0.998772 0.000000 -0.049546 1.000000 1.000000 1.000000
3382.479736 0.000000 1406.613770 0.000000 0.613949 0.000000 0.789345 1.000000 1.000000 1.000000
3414.301758 0.000000 1508.620483 0.000000 0.128798 0.000000 0.991671 1.000000 1.000000 1.000000
3405.975830 0.000000 1499.429077 0.000000 0.900201 0.000000 0.435475 1.000000 1.000000 1.000000
3405.817383 0.000000 1495.375000 0.000000 0.032045 0.000000 0.999486 1.000000 1.000000 1.000000
3415.384277 0.000000 1512.365601 0.000000 0.824031 0.000000 0.566544 1.000000 1.000000 1.000000
3400.718018 0.000000 1489.944824 0.000000 0.122154 0.000000 0.992511 1.000000 1.000000 1.000000
3412.703857 0.000000 1511.310303 0.000000 0.884201 0.000000 -0.467107 1.000000 1.000000 1.000000
3405.008301 0.000000 1487.961060 0.000000 0.712459 0.000000 0.701714 1.000000 1.000000 1.000000
3413.657227 0.000000 1514.519531 0.000000 0.978660 0.000000 0.205484 1.000000 1.000000 1.000000
3388.552490 0.000000 1504.249146 0.000000 0.806419 0.000000 0.591345 1.000000 1.000000 1.000000
3397.092285 0.000000 1500.469849 0.000000 0.977060 0.000000 0.212963 1.000000 1.000000 1.000000
3415.113037 0.000000 1504.251831 0.000000 0.890188 0.000000 -0.455593 1.000000 1.000000 1.000000
3397.001709 0.000000 1495.362305 0.000000 0.943386 0.000000 0.331698 1.000000 1.000000 1.000000
3409.789795 0.000000 1511.799683 0.000000 0.967133 0.000000 -0.254271 1.000000 1.000000 1.000000
3399.455811 0.000000 1504.005981 0.000000 0.998449 0.000000 -0.055682 1.000000 1.000000 1.000000
3390.740723 0.000000 1504.810059 0.000000 0.951933 0.000000 0.306305 1.000000 1.000000 1.000000
3406.485352 0.000000 1501.458862 0.000000 0.967527 0.000000 0.252768 1.000000 1.000000 1.000000
3393.658691 0.000000 1502.563721 0.000000 0.189116 0.000000 0.981955 1.000000 1.000000 1.000000
3397.553467 0.000000 1502.627075 0.000000 0.659899 0.000000 0.751354 1.000000 1.000000 1.000000
3393.455566 0.000000 1499.736084 0.000000 0.914352 0.000000 0.404920 1.000000 1.000000 1.000000
3415.010742 0.000000 1506.866333 0.000000 0.899544 0.000000 0.436831 1.000000 1.000000 1.000000
3400.531738 0.000000 1493.796021 0.000000 0.937673 0.000000 -0.347518 1.000000 1.000000 1.000000
3395.018066 0.000000 1499.312012 0.000000 0.858917 0.000000 0.512115 1.000000 1.000000 1.000000
3413.321289 0.000000 1504.585815 0.000000 0.901087 0.000000 0.433639 1.000000 1.000000 1.000000
3395.695557 0.000000 1494.625854 0.000000 0.001397 0.000000 0.999999 1.000000 1.000000 1.000000
3405.827393 0.000000 1492.095459 0.000000 0.928290 0.000000 0.371858 1.000000 1.000000 1.000000
3390.900879 0.000000 1496.622803 0.000000 0.951115 0.000000 -0.308836 1.000000 1.000000 1.000000
3393.562744 0.000000 1501.380493 0.000000 0.761167 0.000000 0.648556 1.000000 1.000000 1.000000
3418.320312 0.000000 1502.994995 0.000000 0.999949 0.000000 0.010111 1.000000 1.000000 1.000000
3419.958740 0.000000 1507.776245 0.000000 0.740382 0.000000 0.672186 1.000000 1.000000 1.000000
3122.958252 0.000000 1719.965454 0.000000 0.633432 0.000000 0.773798 1.000000 1.000000 1.000000
3116.618164 0.000000 1724.290039 0.000000 0.983006 0.000000 -0.183575 1.000000 1.000000 1.000000
"}
object={
	name="tree_cedar_generator_1_1"
	render_pass=Map
	clamp_to_water_level=no
	generated_content=yes
	layer="tree_high_layer"
	pdxmesh="tree_cedar_02_mesh"
	count=26
	transform="3086.482422 0.000000 1309.868530 0.000000 0.628687 0.000000 -0.777658 1.000000 1.000000 1.000000
3168.176270 0.000000 1292.395264 0.000000 0.647711 0.000000 -0.761886 1.000000 1.000000 1.000000
3219.066895 0.000000 1358.195679 0.000000 0.625858 0.000000 -0.779937 1.000000 1.000000 1.000000
3233.860107 0.000000 1257.326172 0.000000 0.771882 0.000000 -0.635766 1.000000 1.000000 1.000000
2758.158936 0.000000 1625.616821 0.000000 0.697552 0.000000 -0.716534 1.000000 1.000000 1.000000
2767.796875 0.000000 1636.016235 0.000000 0.673465 0.000000 -0.739220 1.000000 1.000000 1.000000
2933.670654 0.000000 1403.369263 0.000000 0.681686 0.000000 -0.731645 1.000000 1.000000 1.000000
3009.908203 0.000000 1485.762817 0.000000 0.715289 0.000000 -0.698828 1.000000 1.000000 1.000000
3002.585205 0.000000 1518.202393 0.000000 0.755720 0.000000 -0.654895 1.000000 1.000000 1.000000
2935.778564 0.000000 1572.719727 0.000000 0.613658 0.000000 -0.789572 1.000000 1.000000 1.000000
2833.872070 0.000000 1766.573608 0.000000 0.686790 0.000000 -0.726856 1.000000 1.000000 1.000000
3067.312012 0.000000 1753.785034 0.000000 0.752914 0.000000 -0.658119 1.000000 1.000000 1.000000
2934.110840 0.000000 1959.054199 0.000000 0.595190 0.000000 -0.803585 1.000000 1.000000 1.000000
2966.687256 0.000000 1963.483643 0.000000 0.563868 0.000000 -0.825865 1.000000 1.000000 1.000000
3265.509033 0.000000 1421.606323 0.000000 0.718544 0.000000 -0.695481 1.000000 1.000000 1.000000
3269.109131 0.000000 1432.075684 0.000000 0.576468 0.000000 -0.817120 1.000000 1.000000 1.000000
3280.805420 0.000000 1425.815308 0.000000 0.573545 0.000000 -0.819174 1.000000 1.000000 1.000000
3280.824219 0.000000 1493.397949 0.000000 0.698930 0.000000 -0.715190 1.000000 1.000000 1.000000
3313.966553 0.000000 1486.435425 0.000000 0.693988 0.000000 -0.719987 1.000000 1.000000 1.000000
3359.322266 0.000000 1406.543091 0.000000 0.619111 0.000000 -0.785304 1.000000 1.000000 1.000000
3402.653564 0.000000 1497.632935 0.000000 0.687115 0.000000 -0.726548 1.000000 1.000000 1.000000
3407.164551 0.000000 1492.820679 0.000000 0.798518 0.000000 -0.601971 1.000000 1.000000 1.000000
3408.053467 0.000000 1510.706543 0.000000 0.685002 0.000000 -0.728541 1.000000 1.000000 1.000000
3390.313477 0.000000 1497.775757 0.000000 0.615547 0.000000 -0.788100 1.000000 1.000000 1.000000
3417.695557 0.000000 1504.675293 0.000000 0.784698 0.000000 -0.619878 1.000000 1.000000 1.000000
3419.057861 0.000000 1506.116333 0.000000 0.510451 0.000000 -0.859907 1.000000 1.000000 1.000000
"}
object={
	name="tree_cedar_generator_1_2"
	render_pass=Map
	clamp_to_water_level=no
	generated_content=yes
	layer="tree_high_layer"
	pdxmesh="tree_cedar_03_mesh"
	count=45
	transform="3224.572510 0.000000 1251.254517 0.000000 0.180085 0.000000 -0.983651 1.000000 1.000000 1.000000
3103.358154 0.000000 1303.401855 0.000000 0.402945 0.000000 -0.915224 1.000000 1.000000 1.000000
3102.532959 0.000000 1296.056519 0.000000 0.323818 0.000000 -0.946119 1.000000 1.000000 1.000000
3220.825195 0.000000 1336.651733 0.000000 0.266052 0.000000 -0.963959 1.000000 1.000000 1.000000
3217.503418 0.000000 1341.770630 0.000000 0.294215 0.000000 -0.955739 1.000000 1.000000 1.000000
3174.974854 0.000000 1349.553223 0.000000 0.466043 0.000000 -0.884762 1.000000 1.000000 1.000000
3208.664307 0.000000 1345.250366 0.000000 0.388571 0.000000 -0.921419 1.000000 1.000000 1.000000
3248.219482 0.000000 1247.537231 0.000000 0.472857 0.000000 -0.881139 1.000000 1.000000 1.000000
3235.294434 0.000000 1286.101440 0.000000 0.453173 0.000000 -0.891423 1.000000 1.000000 1.000000
3255.131836 0.000000 1301.111084 0.000000 0.373462 0.000000 -0.927645 1.000000 1.000000 1.000000
3236.780273 0.000000 1304.373657 0.000000 0.496501 0.000000 -0.868036 1.000000 1.000000 1.000000
2760.546143 0.000000 1633.737671 0.000000 0.303717 0.000000 -0.952762 1.000000 1.000000 1.000000
3005.093018 0.000000 1512.019287 0.000000 0.462802 0.000000 -0.886462 1.000000 1.000000 1.000000
2925.855957 0.000000 1596.282227 0.000000 0.248291 0.000000 -0.968685 1.000000 1.000000 1.000000
2923.282227 0.000000 1600.086304 0.000000 0.212818 0.000000 -0.977092 1.000000 1.000000 1.000000
3069.061523 0.000000 1708.873779 0.000000 0.333703 0.000000 -0.942678 1.000000 1.000000 1.000000
2756.766113 0.000000 1784.838867 0.000000 0.381548 0.000000 -0.924349 1.000000 1.000000 1.000000
2767.777100 0.000000 1775.025513 0.000000 0.276189 0.000000 -0.961103 1.000000 1.000000 1.000000
2773.940918 0.000000 1786.045288 0.000000 0.254596 0.000000 -0.967048 1.000000 1.000000 1.000000
2889.094971 0.000000 1788.035400 0.000000 0.112793 0.000000 -0.993619 1.000000 1.000000 1.000000
3079.713135 0.000000 1751.220093 0.000000 0.180245 0.000000 -0.983622 1.000000 1.000000 1.000000
3094.752686 0.000000 1719.839844 0.000000 0.466921 0.000000 -0.884299 1.000000 1.000000 1.000000
3154.750000 0.000000 1378.063110 0.000000 0.259381 0.000000 -0.965775 1.000000 1.000000 1.000000
3196.580078 0.000000 1415.899658 0.000000 0.370400 0.000000 -0.928872 1.000000 1.000000 1.000000
3191.913330 0.000000 1412.353394 0.000000 0.141076 0.000000 -0.989999 1.000000 1.000000 1.000000
3212.340820 0.000000 1409.390625 0.000000 0.349994 0.000000 -0.936752 1.000000 1.000000 1.000000
3192.786865 0.000000 1384.041382 0.000000 0.453426 0.000000 -0.891294 1.000000 1.000000 1.000000
3160.231934 0.000000 1383.825439 0.000000 0.279596 0.000000 -0.960118 1.000000 1.000000 1.000000
3286.353760 0.000000 1408.566895 0.000000 0.169617 0.000000 -0.985510 1.000000 1.000000 1.000000
3273.156494 0.000000 1431.234741 0.000000 0.101923 0.000000 -0.994792 1.000000 1.000000 1.000000
3263.822510 0.000000 1418.320190 0.000000 0.326187 0.000000 -0.945305 1.000000 1.000000 1.000000
3287.356201 0.000000 1411.688843 0.000000 0.174575 0.000000 -0.984644 1.000000 1.000000 1.000000
3283.719482 0.000000 1425.325928 0.000000 0.160501 0.000000 -0.987036 1.000000 1.000000 1.000000
3289.164062 0.000000 1410.350342 0.000000 0.270693 0.000000 -0.962666 1.000000 1.000000 1.000000
3291.455322 0.000000 1407.884399 0.000000 0.463955 0.000000 -0.885859 1.000000 1.000000 1.000000
3281.820312 0.000000 1485.099609 0.000000 0.345312 0.000000 -0.938488 1.000000 1.000000 1.000000
3251.548584 0.000000 1483.919922 0.000000 0.276982 0.000000 -0.960875 1.000000 1.000000 1.000000
3312.155029 0.000000 1473.956787 0.000000 0.403940 0.000000 -0.914785 1.000000 1.000000 1.000000
3096.978271 0.000000 1717.047363 0.000000 0.243202 0.000000 -0.969976 1.000000 1.000000 1.000000
3387.223877 0.000000 1400.750977 0.000000 0.485547 0.000000 -0.874211 1.000000 1.000000 1.000000
3360.879395 0.000000 1403.697510 0.000000 0.146442 0.000000 -0.989219 1.000000 1.000000 1.000000
3409.047363 0.000000 1514.776611 0.000000 0.193603 0.000000 -0.981080 1.000000 1.000000 1.000000
3393.035645 0.000000 1495.195679 0.000000 0.390665 0.000000 -0.920533 1.000000 1.000000 1.000000
3391.708984 0.000000 1499.925171 0.000000 0.365998 0.000000 -0.930615 1.000000 1.000000 1.000000
3418.226562 0.000000 1507.561401 0.000000 0.305739 0.000000 -0.952115 1.000000 1.000000 1.000000
"}
object={
	name="tree_cedar_generator_1_3"
	render_pass=Map
	clamp_to_water_level=no
	generated_content=yes
	layer="tree_high_layer"
	pdxmesh="tree_cedar_04_mesh"
	count=7
	transform="3214.388184 0.000000 1340.952026 0.000000 0.009728 0.000000 -0.999953 1.000000 1.000000 1.000000
3236.509033 0.000000 1235.509644 0.000000 0.058792 0.000000 -0.998270 1.000000 1.000000 1.000000
3014.734863 0.000000 1526.885742 0.000000 0.028050 0.000000 -0.999607 1.000000 1.000000 1.000000
2925.253174 0.000000 1604.263428 0.000000 0.041709 0.000000 -0.999130 1.000000 1.000000 1.000000
3212.135254 0.000000 1404.678467 0.000000 0.059330 0.000000 -0.998238 1.000000 1.000000 1.000000
3198.479004 0.000000 1412.730957 0.000000 0.027553 0.000000 -0.999620 1.000000 1.000000 1.000000
3231.517334 0.000000 1382.040894 0.000000 0.074343 0.000000 -0.997233 1.000000 1.000000 1.000000
"}
