object={
	name="tree_leaf_3_high_generator_3_0"
	render_pass=Map
	clamp_to_water_level=no
	generated_content=yes
	layer="tree_high_layer"
	pdxmesh="tree_leaf_03_c_mesh"
	count=169
	transform="5013.342773 0.000000 3175.480713 0.000000 0.358372 0.000000 0.933579 0.778353 0.778353 0.778353
5028.737305 0.000000 3149.621094 0.000000 0.998462 0.000000 -0.055435 0.803224 0.803224 0.803224
5013.644531 0.000000 3165.995361 0.000000 0.364174 0.000000 -0.931331 0.983049 0.983049 0.983049
5027.149414 0.000000 3161.227051 0.000000 0.956010 0.000000 -0.293334 0.805351 0.805351 0.805351
5008.116211 0.000000 3170.456055 0.000000 0.998666 0.000000 -0.051626 0.802104 0.802104 0.802104
5018.678711 0.000000 3171.400635 0.000000 0.952851 0.000000 0.303437 0.752896 0.752896 0.752896
5021.420410 0.000000 3164.484863 0.000000 0.667070 0.000000 -0.744995 0.928423 0.928423 0.928423
5024.491699 0.000000 3154.474609 0.000000 0.148316 0.000000 -0.988940 0.919277 0.919277 0.919277
5008.552734 0.000000 3179.207520 0.000000 0.201878 0.000000 -0.979411 0.921268 0.921268 0.921268
5028.562500 0.000000 3173.611328 0.000000 0.226890 0.000000 -0.973920 0.913369 0.913369 0.913369
5028.536621 0.000000 3179.061768 0.000000 0.734998 0.000000 -0.678070 0.821877 0.821877 0.821877
5019.574707 0.000000 3153.580322 0.000000 0.951881 0.000000 0.306469 0.792721 0.792721 0.792721
5014.152832 0.000000 3170.545410 0.000000 0.406860 0.000000 -0.913490 0.841407 0.841407 0.841407
5023.545898 0.000000 3158.675781 0.000000 0.999506 0.000000 0.031439 0.797946 0.797946 0.797946
5027.650879 0.000000 3165.980469 0.000000 0.557998 0.000000 0.829842 0.760706 0.760706 0.760706
5009.317383 0.000000 3174.553711 0.000000 0.547407 0.000000 0.836866 0.761978 0.761978 0.761978
5027.793945 0.000000 3157.045166 0.000000 0.960132 0.000000 -0.279547 0.813411 0.813411 0.813411
5017.675781 0.000000 3175.221680 0.000000 0.972210 0.000000 -0.234112 0.814300 0.814300 0.814300
5009.510254 0.000000 3166.971680 0.000000 0.796549 0.000000 -0.604574 0.829175 0.829175 0.829175
5025.003418 0.000000 3150.775635 0.000000 0.999613 0.000000 0.027810 0.797384 0.797384 0.797384
5011.160645 0.000000 3158.050049 0.000000 0.716212 0.000000 0.697883 0.772694 0.772694 0.772694
5015.674316 0.000000 3157.052490 0.000000 0.338868 0.000000 0.940834 0.736139 0.736139 0.736139
5021.078613 0.000000 3160.956055 0.000000 0.540163 0.000000 0.841560 0.752058 0.752058 0.752058
5028.917480 0.000000 3169.135498 0.000000 0.895486 0.000000 -0.445089 0.840352 0.840352 0.840352
5025.596191 0.000000 3174.964355 0.000000 0.973961 0.000000 -0.226717 0.823981 0.823981 0.823981
5005.381836 0.000000 3180.260498 0.000000 0.802469 0.000000 -0.596694 0.840991 0.840991 0.840991
5021.706543 0.000000 3155.877930 0.000000 0.503532 0.000000 -0.863977 0.872501 0.872501 0.872501
5024.928223 0.000000 3180.362549 0.000000 0.710233 0.000000 -0.703966 0.859895 0.859895 0.859895
5024.348633 0.000000 3166.806885 0.000000 0.598115 0.000000 0.801410 0.740956 0.740956 0.740956
5028.402344 0.000000 3209.471924 0.000000 0.685585 0.000000 -0.727993 0.825405 0.825405 0.825405
5010.819336 0.000000 3184.661621 0.000000 0.015111 0.000000 -0.999886 0.831692 0.831692 0.831692
4996.476562 0.000000 3242.295898 0.000000 0.621359 0.000000 -0.783526 0.825354 0.825354 0.825354
5019.603516 0.000000 3225.847412 0.000000 0.120597 0.000000 -0.992702 0.921624 0.921624 0.921624
5008.138184 0.000000 3234.647217 0.000000 0.262727 0.000000 -0.964870 0.937612 0.937612 0.937612
5002.921387 0.000000 3181.785400 0.000000 0.908420 0.000000 0.418059 0.785787 0.785787 0.785787
4983.795410 0.000000 3253.690430 0.000000 0.467316 0.000000 -0.884091 0.861084 0.861084 0.861084
4979.630859 0.000000 3263.821289 0.000000 0.767407 0.000000 -0.641160 0.812511 0.812511 0.812511
5017.772949 0.000000 3181.456543 0.000000 0.106019 0.000000 -0.994364 0.882488 0.882488 0.882488
5001.843262 0.000000 3237.890137 0.000000 0.214186 0.000000 0.976793 0.676600 0.676600 0.676600
5001.171875 0.000000 3247.691162 0.000000 0.766205 0.000000 0.642596 0.693371 0.693371 0.693371
5026.251465 0.000000 3203.156738 0.000000 0.861925 0.000000 0.507036 0.756988 0.756988 0.756988
5023.284668 0.000000 3233.427002 0.000000 0.819561 0.000000 0.572992 0.751377 0.751377 0.751377
5006.620605 0.000000 3250.573486 0.000000 0.423426 0.000000 -0.905931 0.971839 0.971839 0.971839
4982.069336 0.000000 3258.808594 0.000000 0.381734 0.000000 -0.924272 0.933528 0.933528 0.933528
5024.268066 0.000000 3223.508545 0.000000 0.976979 0.000000 -0.213335 0.818292 0.818292 0.818292
5028.562500 0.000000 3259.595703 0.000000 0.991275 0.000000 0.131811 0.797307 0.797307 0.797307
5020.420898 0.000000 3185.678467 0.000000 0.256072 0.000000 0.966658 0.754411 0.754411 0.754411
5015.584961 0.000000 3186.327637 0.000000 0.886307 0.000000 -0.463099 0.821637 0.821637 0.821637
5015.835449 0.000000 3223.125000 0.000000 0.869501 0.000000 0.493932 0.758213 0.758213 0.758213
5027.643066 0.000000 3214.239014 0.000000 0.154953 0.000000 0.987922 0.615145 0.615145 0.615145
5012.782227 0.000000 3233.388184 0.000000 0.897510 0.000000 -0.440994 0.829827 0.829827 0.829827
4996.220215 0.000000 3255.889893 0.000000 0.495385 0.000000 -0.868673 0.831532 0.831532 0.831532
5018.113281 0.000000 3230.161133 0.000000 0.174226 0.000000 0.984706 0.651984 0.651984 0.651984
5012.150879 0.000000 3189.046143 0.000000 0.991060 0.000000 0.133417 0.793987 0.793987 0.793987
5024.306152 0.000000 3208.384277 0.000000 0.475901 0.000000 -0.879499 0.853452 0.853452 0.853452
5007.380371 0.000000 3181.856445 0.000000 0.408770 0.000000 0.912638 0.715270 0.715270 0.715270
5022.520996 0.000000 3229.233887 0.000000 0.957688 0.000000 0.287807 0.774986 0.774986 0.774986
5010.913574 0.000000 3225.743408 0.000000 0.527769 0.000000 -0.849388 0.905193 0.905193 0.905193
4998.445801 0.000000 3262.885010 0.000000 0.920893 0.000000 -0.389814 0.812716 0.812716 0.812716
4985.877441 0.000000 3257.041260 0.000000 0.387167 0.000000 -0.922009 0.901931 0.901931 0.901931
5009.510254 0.000000 3252.956055 0.000000 0.066718 0.000000 -0.997772 0.920757 0.920757 0.920757
5015.674316 0.000000 3243.036865 0.000000 0.129348 0.000000 -0.991599 0.940743 0.940743 0.940743
5004.811523 0.000000 3247.239014 0.000000 0.560667 0.000000 -0.828041 0.885930 0.885930 0.885930
4995.369629 0.000000 3264.434326 0.000000 0.979063 0.000000 -0.203559 0.823705 0.823705 0.823705
5022.135742 0.000000 3181.735107 0.000000 0.659607 0.000000 -0.751611 0.837710 0.837710 0.837710
5025.546875 0.000000 3211.546631 0.000000 0.975612 0.000000 -0.219501 0.811271 0.811271 0.811271
5016.175781 0.000000 3226.619629 0.000000 0.199795 0.000000 -0.979838 0.947718 0.947718 0.947718
5015.023926 0.000000 3190.951904 0.000000 0.662851 0.000000 -0.748751 0.873516 0.873516 0.873516
5026.989746 0.000000 3188.501465 0.000000 0.766482 0.000000 -0.642265 0.848893 0.848893 0.848893
5005.381836 0.000000 3266.244873 0.000000 0.621268 0.000000 -0.783598 0.857189 0.857189 0.857189
5015.757812 0.000000 3232.314453 0.000000 0.708642 0.000000 -0.705569 0.847867 0.847867 0.847867
5001.255859 0.000000 3261.396729 0.000000 0.750188 0.000000 -0.661225 0.839824 0.839824 0.839824
4999.370605 0.000000 3243.907959 0.000000 0.067652 0.000000 0.997709 0.674815 0.674815 0.674815
5007.794434 0.000000 3185.184082 0.000000 0.491513 0.000000 -0.870870 0.880430 0.880430 0.880430
5025.008789 0.000000 3230.998047 0.000000 0.270513 0.000000 0.962716 0.687328 0.687328 0.687328
5027.455566 0.000000 3191.229248 0.000000 0.397351 0.000000 0.917667 0.709476 0.709476 0.709476
4998.745117 0.000000 3253.830566 0.000000 0.055978 0.000000 -0.998432 0.937958 0.937958 0.937958
5025.859375 0.000000 3221.163818 0.000000 0.806459 0.000000 0.591290 0.746551 0.746551 0.746551
4984.411133 0.000000 3260.274658 0.000000 0.362643 0.000000 -0.931928 0.891290 0.891290 0.891290
5010.263184 0.000000 3232.972900 0.000000 0.520244 0.000000 -0.854017 0.871762 0.871762 0.871762
5019.923340 0.000000 3182.934814 0.000000 0.546249 0.000000 -0.837623 0.869606 0.869606 0.869606
5030.437012 0.000000 3167.264893 0.000000 0.773908 0.000000 0.633298 0.785618 0.785618 0.785618
5030.565430 0.000000 3153.961182 0.000000 0.387268 0.000000 -0.921967 0.838660 0.838660 0.838660
5036.633789 0.000000 3161.025146 0.000000 0.373572 0.000000 -0.927601 0.859789 0.859789 0.859789
5032.152344 0.000000 3146.562988 0.000000 0.491977 0.000000 0.870608 0.768984 0.768984 0.768984
5050.761719 0.000000 3135.203369 0.000000 0.999707 0.000000 -0.024205 0.802292 0.802292 0.802292
5045.509277 0.000000 3146.379639 0.000000 0.982860 0.000000 -0.184355 0.828330 0.828330 0.828330
5031.167480 0.000000 3161.795410 0.000000 0.369596 0.000000 0.929193 0.777141 0.777141 0.777141
5035.324219 0.000000 3156.020264 0.000000 0.294637 0.000000 -0.955609 0.963064 0.963064 0.963064
5039.641113 0.000000 3148.982666 0.000000 0.637752 0.000000 0.770242 0.768392 0.768392 0.768392
5031.785645 0.000000 3157.864258 0.000000 0.930201 0.000000 0.367050 0.784687 0.784687 0.784687
5043.778320 0.000000 3142.766113 0.000000 0.219127 0.000000 -0.975696 0.853381 0.853381 0.853381
5037.773926 0.000000 3157.955322 0.000000 0.916287 0.000000 0.400523 0.774074 0.774074 0.774074
5033.604980 0.000000 3153.351074 0.000000 0.562006 0.000000 -0.827133 0.873532 0.873532 0.873532
5037.838867 0.000000 3163.779053 0.000000 0.004156 0.000000 0.999991 0.645117 0.645117 0.645117
5047.808105 0.000000 3153.947754 0.000000 0.191755 0.000000 0.981443 0.706711 0.706711 0.706711
5030.437012 0.000000 3253.249268 0.000000 0.935835 0.000000 -0.352439 0.807553 0.807553 0.807553
5031.377930 0.000000 3181.971436 0.000000 0.912474 0.000000 -0.409136 0.802526 0.802526 0.802526
5030.625000 0.000000 3222.682617 0.000000 0.951561 0.000000 -0.307461 0.821160 0.821160 0.821160
5041.059570 0.000000 3256.870361 0.000000 0.326653 0.000000 -0.945144 0.900142 0.900142 0.900142
5031.903809 0.000000 3263.311035 0.000000 0.437397 0.000000 -0.899269 0.937336 0.937336 0.937336
5034.734863 0.000000 3257.801514 0.000000 0.626113 0.000000 -0.779732 0.936629 0.936629 0.936629
5031.216309 0.000000 3210.900635 0.000000 0.138560 0.000000 -0.990354 0.934688 0.934688 0.934688
5041.059570 0.000000 3244.092285 0.000000 0.910007 0.000000 -0.414592 0.828944 0.828944 0.828944
5030.465820 0.000000 3258.454102 0.000000 0.137572 0.000000 -0.990492 0.926197 0.926197 0.926197
5041.751465 0.000000 3266.537842 0.000000 0.266379 0.000000 0.963868 0.697090 0.697090 0.697090
5040.152344 0.000000 3247.614990 0.000000 0.967648 0.000000 -0.252304 0.815283 0.815283 0.815283
5033.514648 0.000000 3254.484619 0.000000 0.776249 0.000000 0.630427 0.755861 0.755861 0.755861
5031.362305 0.000000 3225.803955 0.000000 0.815248 0.000000 0.579112 0.731167 0.731167 0.731167
5038.394531 0.000000 3258.839844 0.000000 0.978048 0.000000 -0.208382 0.811446 0.811446 0.811446
5030.393066 0.000000 3208.149170 0.000000 0.950219 0.000000 -0.311583 0.829807 0.829807 0.829807
5043.841309 0.000000 3257.617188 0.000000 0.338237 0.000000 -0.941061 0.899149 0.899149 0.899149
5019.603516 0.000000 3311.831787 0.000000 0.810799 0.000000 0.585324 0.747174 0.747174 0.747174
5026.180664 0.000000 3282.609131 0.000000 0.218537 0.000000 -0.975829 0.890627 0.890627 0.890627
5017.709473 0.000000 3320.891602 0.000000 0.998376 0.000000 -0.056975 0.801639 0.801639 0.801639
5030.043945 0.000000 3275.691895 0.000000 0.986472 0.000000 0.163931 0.795461 0.795461 0.795461
5013.035156 0.000000 3326.507568 0.000000 0.724749 0.000000 0.689013 0.789980 0.789980 0.789980
5013.760254 0.000000 3314.906982 0.000000 0.164161 0.000000 -0.986434 0.974370 0.974370 0.974370
5026.251465 0.000000 3289.141113 0.000000 0.948768 0.000000 -0.315973 0.815988 0.815988 0.815988
5021.420410 0.000000 3336.453613 0.000000 0.961681 0.000000 -0.274169 0.822798 0.822798 0.822798
4981.420898 0.000000 3274.689697 0.000000 0.937753 0.000000 0.347304 0.771947 0.771947 0.771947
5005.475586 0.000000 3273.176270 0.000000 0.717268 0.000000 -0.696798 0.896078 0.896078 0.896078
5013.992676 0.000000 3332.557861 0.000000 0.603239 0.000000 0.797560 0.710938 0.710938 0.710938
4986.319824 0.000000 3277.379150 0.000000 0.745967 0.000000 -0.665983 0.833625 0.833625 0.833625
5024.268066 0.000000 3309.492920 0.000000 0.307136 0.000000 0.951666 0.721571 0.721571 0.721571
5029.895996 0.000000 3285.809814 0.000000 0.682891 0.000000 -0.730520 0.865273 0.865273 0.865273
4991.664062 0.000000 3272.782959 0.000000 0.410052 0.000000 0.912062 0.749087 0.749087 0.749087
5014.152832 0.000000 3342.514160 0.000000 0.213487 0.000000 0.976946 0.721210 0.721210 0.721210
5012.782227 0.000000 3319.372559 0.000000 0.190084 0.000000 -0.981768 0.925641 0.925641 0.925641
5009.317383 0.000000 3346.522461 0.000000 0.950174 0.000000 0.311720 0.791263 0.791263 0.791263
5029.068359 0.000000 3271.566895 0.000000 0.299306 0.000000 -0.954157 0.930556 0.930556 0.930556
5010.913574 0.000000 3311.727783 0.000000 0.742542 0.000000 0.669800 0.751187 0.751187 0.751187
4984.239746 0.000000 3268.767334 0.000000 0.366379 0.000000 0.930466 0.706866 0.706866 0.706866
5028.992188 0.000000 3279.554688 0.000000 0.752567 0.000000 -0.658516 0.892172 0.892172 0.892172
5021.638672 0.000000 3340.515381 0.000000 0.085040 0.000000 0.996378 0.727897 0.727897 0.727897
5005.181152 0.000000 3340.141846 0.000000 0.953286 0.000000 0.302068 0.767640 0.767640 0.767640
5020.565430 0.000000 3308.293701 0.000000 0.299841 0.000000 0.953989 0.660397 0.660397 0.660397
5015.674316 0.000000 3329.021240 0.000000 0.475524 0.000000 0.879703 0.729132 0.729132 0.729132
4989.156250 0.000000 3275.300049 0.000000 0.526896 0.000000 0.849930 0.684353 0.684353 0.684353
5028.888672 0.000000 3291.830566 0.000000 0.914016 0.000000 -0.405679 0.828533 0.828533 0.828533
5025.546875 0.000000 3297.531006 0.000000 0.496946 0.000000 -0.867782 0.853513 0.853513 0.853513
4982.239746 0.000000 3271.478516 0.000000 0.291371 0.000000 0.956610 0.744990 0.744990 0.744990
5028.645508 0.000000 3303.345215 0.000000 0.560858 0.000000 -0.827912 0.856104 0.856104 0.856104
4994.144531 0.000000 3276.079834 0.000000 0.350601 0.000000 0.936525 0.746962 0.746962 0.746962
5016.157715 0.000000 3325.738281 0.000000 0.506689 0.000000 -0.862129 0.879097 0.879097 0.879097
5024.512207 0.000000 3301.340088 0.000000 0.739997 0.000000 -0.672610 0.838456 0.838456 0.838456
5021.706543 0.000000 3327.846680 0.000000 0.966086 0.000000 -0.258221 0.827699 0.827699 0.827699
5022.778809 0.000000 3305.973633 0.000000 0.344716 0.000000 0.938707 0.702869 0.702869 0.702869
5029.484375 0.000000 3282.717773 0.000000 0.925718 0.000000 -0.378214 0.822543 0.822543 0.822543
5022.643066 0.000000 3312.134521 0.000000 0.790001 0.000000 -0.613106 0.870785 0.870785 0.870785
5017.077148 0.000000 3332.891846 0.000000 0.989861 0.000000 -0.142036 0.809308 0.809308 0.809308
5013.812012 0.000000 3311.001709 0.000000 0.223399 0.000000 -0.974727 0.895936 0.895936 0.895936
5003.827148 0.000000 3342.576904 0.000000 0.123150 0.000000 -0.992388 0.894525 0.894525 0.894525
5025.674316 0.000000 3311.793945 0.000000 0.758908 0.000000 0.651198 0.734139 0.734139 0.734139
5017.780762 0.000000 3323.512695 0.000000 0.568352 0.000000 -0.822785 0.883373 0.883373 0.883373
5011.290039 0.000000 3314.283203 0.000000 0.617400 0.000000 -0.786649 0.875946 0.875946 0.875946
5012.366699 0.000000 3316.948975 0.000000 0.985894 0.000000 0.167370 0.787909 0.787909 0.787909
5031.377930 0.000000 3267.955811 0.000000 0.839967 0.000000 -0.542637 0.825775 0.825775 0.825775
5030.453125 0.000000 3302.006836 0.000000 0.734427 0.000000 0.678687 0.770500 0.770500 0.770500
5038.449707 0.000000 3270.036133 0.000000 0.708672 0.000000 -0.705538 0.822524 0.822524 0.822524
5034.920898 0.000000 3287.660400 0.000000 0.002330 0.000000 -0.999997 0.832892 0.832892 0.832892
5038.124023 0.000000 3281.042480 0.000000 0.808864 0.000000 0.587996 0.769117 0.769117 0.769117
5041.917969 0.000000 3272.685059 0.000000 0.369226 0.000000 -0.929340 0.911475 0.911475 0.911475
5036.949707 0.000000 3284.582275 0.000000 0.101517 0.000000 -0.994834 0.895947 0.895947 0.895947
5041.326172 0.000000 3267.855957 0.000000 0.117896 0.000000 -0.993026 0.914889 0.914889 0.914889
5040.827148 0.000000 3279.399902 0.000000 0.048417 0.000000 0.998827 0.668650 0.668650 0.668650
5037.665039 0.000000 3288.996582 0.000000 0.563158 0.000000 0.826349 0.742308 0.742308 0.742308
5032.744141 0.000000 3299.540771 0.000000 0.999932 0.000000 -0.011638 0.800753 0.800753 0.800753
5033.931152 0.000000 3296.362549 0.000000 0.854515 0.000000 0.519427 0.747639 0.747639 0.747639
"}
