object={
	name="tree_mangrove_generator_2_0"
	render_pass=Map
	clamp_to_water_level=no
	generated_content=yes
	layer="tree_high_layer"
	pdxmesh="tree_mangrove_01_b_mesh"
	count=38
	transform="3932.550537 0.000000 1707.401001 0.000000 0.943278 0.000000 -0.332003 0.410308 0.410308 0.410308
3932.953857 0.000000 1701.308838 0.000000 0.832243 0.000000 -0.554410 0.420246 0.420246 0.420246
3934.800293 0.000000 1700.060913 0.000000 0.999259 0.000000 -0.038483 0.400404 0.400404 0.400404
3977.712158 0.000000 1682.727661 0.000000 0.830209 0.000000 0.557452 0.388485 0.388485 0.388485
3977.695557 0.000000 1693.594482 0.000000 0.957566 0.000000 0.288214 0.390949 0.390949 0.390949
3970.857666 0.000000 1697.960693 0.000000 0.847353 0.000000 0.531030 0.375123 0.375123 0.375123
3938.519287 0.000000 1701.143677 0.000000 0.001803 0.000000 -0.999998 0.513595 0.513595 0.513595
3934.551270 0.000000 1703.233643 0.000000 0.958178 0.000000 -0.286175 0.413912 0.413912 0.413912
3967.767334 0.000000 1698.353394 0.000000 0.296252 0.000000 -0.955110 0.481170 0.481170 0.481170
4000.881836 0.000000 1669.751343 0.000000 0.879694 0.000000 -0.475540 0.424250 0.424250 0.424250
4050.609863 0.000000 1694.183594 0.000000 0.021031 0.000000 -0.999779 0.533096 0.533096 0.533096
4057.916992 0.000000 1695.144287 0.000000 0.810709 0.000000 0.585450 0.368147 0.368147 0.368147
3998.703613 0.000000 1666.076782 0.000000 0.463264 0.000000 -0.886221 0.470151 0.470151 0.470151
3932.993408 0.000000 1721.441406 0.000000 0.938020 0.000000 0.346582 0.381445 0.381445 0.381445
3979.681152 0.000000 1759.753174 0.000000 0.765667 0.000000 -0.643237 0.477102 0.477102 0.477102
3954.444824 0.000000 1729.660278 0.000000 0.471429 0.000000 0.881904 0.389755 0.389755 0.389755
3938.340820 0.000000 1722.881836 0.000000 0.781941 0.000000 -0.623353 0.415122 0.415122 0.415122
3957.810303 0.000000 1785.663574 0.000000 0.842573 0.000000 -0.538583 0.411075 0.411075 0.411075
3954.027100 0.000000 1732.814941 0.000000 0.974533 0.000000 -0.224242 0.407566 0.407566 0.407566
3939.540527 0.000000 1764.011108 0.000000 0.982450 0.000000 0.186527 0.392131 0.392131 0.392131
3959.853760 0.000000 1787.120483 0.000000 0.514513 0.000000 0.857483 0.356270 0.356270 0.356270
3960.083008 0.000000 1736.424438 0.000000 0.924146 0.000000 -0.382041 0.421139 0.421139 0.421139
3965.651611 0.000000 1778.739380 0.000000 0.804734 0.000000 0.593636 0.360332 0.360332 0.360332
4826.842773 0.000000 1831.132812 0.000000 0.573445 0.000000 -0.819244 0.516970 0.516970 0.516970
4832.418457 0.000000 1830.298706 0.000000 0.893241 0.000000 0.449578 0.385099 0.385099 0.385099
4855.375977 0.000000 1868.323853 0.000000 0.380421 0.000000 0.924814 0.375243 0.375243 0.375243
4860.171875 0.000000 1899.549927 0.000000 0.999998 0.000000 -0.001947 0.400050 0.400050 0.400050
4855.749023 0.000000 1895.220825 0.000000 0.989265 0.000000 0.146136 0.389016 0.389016 0.389016
4881.278809 0.000000 2029.191528 0.000000 0.949681 0.000000 0.313218 0.386956 0.386956 0.386956
4882.775879 0.000000 2019.912231 0.000000 0.654494 0.000000 -0.756067 0.458215 0.458215 0.458215
4893.619629 0.000000 2018.300903 0.000000 0.542911 0.000000 0.839790 0.332305 0.332305 0.332305
4927.066406 0.000000 1868.038452 0.000000 0.990470 0.000000 0.137731 0.386754 0.386754 0.386754
4923.890625 0.000000 1874.690796 0.000000 0.519048 0.000000 -0.854745 0.434804 0.434804 0.434804
4929.723633 0.000000 1868.291138 0.000000 0.242330 0.000000 -0.970194 0.458927 0.458927 0.458927
4934.748535 0.000000 1861.956299 0.000000 0.859471 0.000000 -0.511185 0.423844 0.423844 0.423844
4920.454102 0.000000 1870.740234 0.000000 0.999667 0.000000 -0.025805 0.401430 0.401430 0.401430
4903.165527 0.000000 1830.654419 0.000000 0.924671 0.000000 -0.380767 0.422430 0.422430 0.422430
4933.034668 0.000000 1864.723755 0.000000 0.175427 0.000000 0.984493 0.310182 0.310182 0.310182
"}
