object={
	name="tree_graht_01_generator_1_0"
	render_pass=Map
	clamp_to_water_level=no
	generated_content=yes
	layer="tree_high_layer"
	pdxmesh="tree_graht_01_a_mesh"
	count=65
	transform="3131.073730 0.000000 1363.181396 0.000000 0.805968 0.000000 0.591959 0.348893 0.348893 0.348893
3202.356689 0.000000 1342.990967 0.000000 0.791653 0.000000 0.610971 0.346554 0.346554 0.346554
3266.848877 0.000000 1342.990967 0.000000 0.818316 0.000000 0.574768 0.348930 0.348930 0.348930
3395.305176 0.000000 1353.440430 0.000000 0.367411 0.000000 0.930059 0.345825 0.345825 0.345825
2703.624268 0.000000 1535.989746 0.000000 0.029277 0.000000 0.999571 0.345959 0.345959 0.345959
2821.026123 0.000000 1509.234985 0.000000 0.847267 0.000000 0.531167 0.340214 0.340214 0.340214
2653.836182 0.000000 1597.132202 0.000000 0.523755 0.000000 0.851869 0.349109 0.349109 0.349109
2651.626465 0.000000 1590.143555 0.000000 0.220785 0.000000 0.975323 0.337042 0.337042 0.337042
2684.902100 0.000000 1702.854614 0.000000 0.638551 0.000000 0.769580 0.324677 0.324677 0.324677
2756.417969 0.000000 1704.260864 0.000000 0.699372 0.000000 0.714758 0.346521 0.346521 0.346521
2797.117920 0.000000 1654.767212 0.000000 0.214578 0.000000 0.976707 0.328696 0.328696 0.328696
2800.325684 0.000000 1673.786987 0.000000 0.407200 0.000000 0.913339 0.345976 0.345976 0.345976
2802.416992 0.000000 1658.882935 0.000000 0.504330 0.000000 0.863511 0.339983 0.339983 0.339983
2843.384766 0.000000 1406.543091 0.000000 0.296670 0.000000 0.954980 0.345563 0.345563 0.345563
2888.106445 0.000000 1479.706665 0.000000 0.878159 0.000000 0.478368 0.349128 0.349128 0.349128
2873.039551 0.000000 1471.569946 0.000000 0.041305 0.000000 0.999147 0.341981 0.341981 0.341981
3078.269531 0.000000 1434.851074 0.000000 0.188683 0.000000 0.982038 0.337933 0.337933 0.337933
3079.713135 0.000000 1493.266968 0.000000 0.872162 0.000000 0.489217 0.348213 0.348213 0.348213
3085.553467 0.000000 1487.195312 0.000000 0.253312 0.000000 0.967385 0.339661 0.339661 0.339661
2845.103027 0.000000 1590.143555 0.000000 0.509435 0.000000 0.860509 0.341851 0.341851 0.341851
2867.977783 0.000000 1622.186523 0.000000 0.255807 0.000000 0.966728 0.332802 0.332802 0.332802
2880.923828 0.000000 1657.731567 0.000000 0.470162 0.000000 0.882580 0.344331 0.344331 0.344331
2845.715332 0.000000 1636.332764 0.000000 0.878997 0.000000 0.476827 0.346091 0.346091 0.346091
2926.102295 0.000000 1654.767212 0.000000 0.013173 0.000000 0.999913 0.343195 0.343195 0.343195
2919.744385 0.000000 1653.458130 0.000000 0.659203 0.000000 0.751965 0.328435 0.328435 0.328435
2967.417480 0.000000 1614.076538 0.000000 0.840496 0.000000 0.541818 0.342995 0.342995 0.342995
3082.571533 0.000000 1702.051025 0.000000 0.778832 0.000000 0.627232 0.331635 0.331635 0.331635
2652.172363 0.000000 1744.416260 0.000000 0.867295 0.000000 0.497795 0.333154 0.333154 0.333154
2661.647461 0.000000 1743.018311 0.000000 0.602814 0.000000 0.797882 0.285425 0.285425 0.285425
2654.172363 0.000000 1743.840088 0.000000 0.745183 0.000000 0.666860 0.298334 0.298334 0.298334
2727.013184 0.000000 1721.048584 0.000000 0.640372 0.000000 0.768065 0.336225 0.336225 0.336225
2815.403564 0.000000 1858.897217 0.000000 0.768015 0.000000 0.640432 0.348178 0.348178 0.348178
2868.234375 0.000000 1780.561523 0.000000 0.827330 0.000000 0.561716 0.344267 0.344267 0.344267
2911.804932 0.000000 1855.085327 0.000000 0.243319 0.000000 0.969946 0.347684 0.347684 0.347684
2969.785400 0.000000 1726.732056 0.000000 0.631899 0.000000 0.775051 0.342251 0.342251 0.342251
3080.305420 0.000000 1732.934448 0.000000 0.785224 0.000000 0.619212 0.340665 0.340665 0.340665
2997.218750 0.000000 1866.545898 0.000000 0.838426 0.000000 0.545016 0.342445 0.342445 0.342445
3001.913818 0.000000 1871.940918 0.000000 0.642185 0.000000 0.766550 0.337025 0.337025 0.337025
2880.923828 0.000000 1915.684692 0.000000 0.874033 0.000000 0.485866 0.345567 0.345567 0.345567
2937.531738 0.000000 1901.491821 0.000000 0.615263 0.000000 0.788322 0.346826 0.346826 0.346826
2969.568848 0.000000 1906.662109 0.000000 0.777644 0.000000 0.628705 0.348812 0.348812 0.348812
2996.054443 0.000000 1970.521362 0.000000 0.769970 0.000000 0.638080 0.344558 0.344558 0.344558
3028.688965 0.000000 1949.409668 0.000000 0.872971 0.000000 0.487771 0.338869 0.338869 0.338869
3031.179443 0.000000 1963.483643 0.000000 0.036581 0.000000 0.999331 0.344638 0.344638 0.344638
3054.840332 0.000000 1940.219727 0.000000 0.850980 0.000000 0.525198 0.348550 0.348550 0.348550
3066.581543 0.000000 1965.072021 0.000000 0.666982 0.000000 0.745073 0.326494 0.326494 0.326494
3070.045898 0.000000 1957.473145 0.000000 0.009321 0.000000 0.999957 0.311797 0.311797 0.311797
3084.837891 0.000000 2022.066162 0.000000 0.648810 0.000000 0.760951 0.334887 0.334887 0.334887
3074.400391 0.000000 2001.669067 0.000000 0.251225 0.000000 0.967929 0.344247 0.344247 0.344247
3062.928955 0.000000 2014.244019 0.000000 0.854756 0.000000 0.519029 0.345232 0.345232 0.345232
3112.360352 0.000000 1389.945312 0.000000 0.053932 0.000000 0.998545 0.344698 0.344698 0.344698
3122.958252 0.000000 1376.027954 0.000000 0.040628 0.000000 0.999174 0.341978 0.341978 0.341978
3119.578857 0.000000 1396.814087 0.000000 0.571472 0.000000 0.820622 0.346636 0.346636 0.346636
3143.069336 0.000000 1541.777466 0.000000 0.797516 0.000000 0.603297 0.348868 0.348868 0.348868
3131.073730 0.000000 1535.150146 0.000000 0.246837 0.000000 0.969057 0.343072 0.343072 0.343072
3109.362549 0.000000 1500.479126 0.000000 0.827902 0.000000 0.560873 0.346878 0.346878 0.346878
3105.171631 0.000000 1519.594238 0.000000 0.600952 0.000000 0.799285 0.343526 0.343526 0.343526
3110.747314 0.000000 1493.476074 0.000000 0.543158 0.000000 0.839631 0.341292 0.341292 0.341292
3202.334961 0.000000 1536.752930 0.000000 0.545630 0.000000 0.838026 0.342186 0.342186 0.342186
3251.942627 0.000000 1376.027954 0.000000 0.249469 0.000000 0.968383 0.347696 0.347696 0.347696
3269.530029 0.000000 1464.973999 0.000000 0.735830 0.000000 0.677167 0.349350 0.349350 0.349350
3235.913086 0.000000 1531.163208 0.000000 0.685792 0.000000 0.727797 0.343590 0.343590 0.343590
3109.908203 0.000000 1549.024170 0.000000 0.847190 0.000000 0.531290 0.348042 0.348042 0.348042
3176.852539 0.000000 1561.914062 0.000000 0.238351 0.000000 0.971179 0.340702 0.340702 0.340702
3095.859375 0.000000 2018.901245 0.000000 0.894166 0.000000 0.447735 0.345944 0.345944 0.345944
"}
object={
	name="tree_graht_01_generator_1_1"
	render_pass=Map
	clamp_to_water_level=no
	generated_content=yes
	layer="tree_high_layer"
	pdxmesh="tree_graht_01_b_mesh"
	count=46
	transform="3213.378906 0.000000 1352.583252 0.000000 0.999980 0.000000 0.006326 0.349972 0.349972 0.349972
3160.163818 0.000000 1361.593018 0.000000 0.975511 0.000000 0.219951 0.349806 0.349806 0.349806
2630.966309 0.000000 1533.916138 0.000000 0.995589 0.000000 -0.093820 0.351724 0.351724 0.351724
2667.887207 0.000000 1510.297852 0.000000 0.978007 0.000000 -0.208571 0.350551 0.350551 0.350551
2681.671387 0.000000 1488.674927 0.000000 0.989290 0.000000 -0.145964 0.351280 0.351280 0.351280
2647.919678 0.000000 1507.901245 0.000000 0.966455 0.000000 -0.256836 0.356128 0.356128 0.356128
2662.694580 0.000000 1497.095093 0.000000 0.949715 0.000000 0.313114 0.343600 0.343600 0.343600
2750.911377 0.000000 1514.959717 0.000000 0.990690 0.000000 -0.136139 0.350358 0.350358 0.350358
2645.166992 0.000000 1548.268188 0.000000 0.987943 0.000000 -0.154817 0.350815 0.350815 0.350815
2704.532471 0.000000 1569.453491 0.000000 0.994478 0.000000 0.104941 0.348622 0.348622 0.348622
2759.122070 0.000000 1565.691040 0.000000 0.986952 0.000000 0.161014 0.349576 0.349576 0.349576
2722.404297 0.000000 1716.102417 0.000000 0.982989 0.000000 -0.183662 0.351614 0.351614 0.351614
2863.540283 0.000000 1404.310303 0.000000 0.943990 0.000000 0.329974 0.338834 0.338834 0.338834
2858.077637 0.000000 1471.707153 0.000000 0.977782 0.000000 0.209623 0.344648 0.344648 0.344648
2938.611328 0.000000 1501.884033 0.000000 0.961734 0.000000 -0.273986 0.350485 0.350485 0.350485
3040.679443 0.000000 1433.609863 0.000000 0.990150 0.000000 0.140013 0.349141 0.349141 0.349141
2843.384766 0.000000 1664.496216 0.000000 0.955674 0.000000 -0.294427 0.353656 0.353656 0.353656
2931.401367 0.000000 1658.882935 0.000000 0.920740 0.000000 0.390177 0.344746 0.344746 0.344746
3031.235596 0.000000 1571.333008 0.000000 0.983505 0.000000 -0.180883 0.350795 0.350795 0.350795
2995.893555 0.000000 1658.882935 0.000000 0.967736 0.000000 -0.251967 0.351781 0.351781 0.351781
2696.561768 0.000000 1757.382202 0.000000 0.984351 0.000000 0.176217 0.348762 0.348762 0.348762
2655.508545 0.000000 1745.301880 0.000000 0.934641 0.000000 -0.355592 0.371601 0.371601 0.371601
2738.513916 0.000000 1764.705444 0.000000 0.965491 0.000000 0.260436 0.346547 0.346547 0.346547
2724.194092 0.000000 1812.955078 0.000000 0.948856 0.000000 0.315710 0.345509 0.345509 0.345509
2932.726562 0.000000 1866.545898 0.000000 0.967534 0.000000 -0.252741 0.350223 0.350223 0.350223
2925.855957 0.000000 1854.235352 0.000000 0.924023 0.000000 0.382338 0.349314 0.349314 0.349314
3019.022705 0.000000 1757.382202 0.000000 0.911952 0.000000 -0.410298 0.352955 0.352955 0.352955
2983.375977 0.000000 1819.867188 0.000000 0.998313 0.000000 -0.058058 0.350102 0.350102 0.350102
2979.778320 0.000000 1860.716064 0.000000 0.987237 0.000000 0.159258 0.347624 0.347624 0.347624
3001.597168 0.000000 1912.622559 0.000000 0.952373 0.000000 -0.304937 0.350271 0.350271 0.350271
2992.406494 0.000000 1897.032837 0.000000 0.912083 0.000000 0.410006 0.343725 0.343725 0.343725
3011.963867 0.000000 1926.616943 0.000000 0.990483 0.000000 0.137637 0.348190 0.348190 0.348190
3070.615967 0.000000 1976.479126 0.000000 0.936659 0.000000 -0.350242 0.364383 0.364383 0.364383
3002.023926 0.000000 1987.476196 0.000000 0.991680 0.000000 0.128728 0.349436 0.349436 0.349436
3119.332520 0.000000 1424.313477 0.000000 0.980103 0.000000 0.198490 0.349476 0.349476 0.349476
3222.621094 0.000000 1403.799927 0.000000 0.976011 0.000000 -0.217719 0.350384 0.350384 0.350384
3105.281494 0.000000 1511.147827 0.000000 0.995840 0.000000 0.091113 0.349282 0.349282 0.349282
3110.268555 0.000000 1486.305054 0.000000 0.983478 0.000000 0.181028 0.348568 0.348568 0.348568
3103.071777 0.000000 1504.159180 0.000000 0.968397 0.000000 0.249413 0.347577 0.347577 0.347577
3272.053711 0.000000 1455.793091 0.000000 0.989337 0.000000 0.145643 0.349745 0.349745 0.349745
3289.148193 0.000000 1533.561768 0.000000 0.977177 0.000000 0.212425 0.349065 0.349065 0.349065
3111.147217 0.000000 1555.001953 0.000000 0.959795 0.000000 0.280703 0.347762 0.347762 0.347762
3211.991455 0.000000 1547.753296 0.000000 0.933417 0.000000 0.358795 0.347114 0.347114 0.347114
3220.469971 0.000000 1569.453491 0.000000 0.983554 0.000000 -0.180616 0.351746 0.351746 0.351746
3353.640381 0.000000 1447.577393 0.000000 0.911869 0.000000 0.410481 0.349261 0.349261 0.349261
3096.612305 0.000000 1720.236938 0.000000 0.932916 0.000000 -0.360094 0.352575 0.352575 0.352575
"}
object={
	name="tree_graht_01_generator_1_2"
	render_pass=Map
	clamp_to_water_level=no
	generated_content=yes
	layer="tree_high_layer"
	pdxmesh="tree_graht_01_c_mesh"
	count=70
	transform="3148.007080 0.000000 1327.460327 0.000000 0.889376 0.000000 -0.457177 0.356223 0.356223 0.356223
3145.562012 0.000000 1331.468628 0.000000 0.457364 0.000000 -0.889279 0.372979 0.372979 0.372979
3161.104492 0.000000 1290.315063 0.000000 0.628539 0.000000 -0.777778 0.359344 0.359344 0.359344
3190.695312 0.000000 1350.639648 0.000000 0.558953 0.000000 -0.829199 0.350854 0.350854 0.350854
3245.739258 0.000000 1369.114136 0.000000 0.612422 0.000000 -0.790531 0.351593 0.351593 0.351593
3246.966553 0.000000 1321.462891 0.000000 0.231145 0.000000 -0.972919 0.353506 0.353506 0.353506
3239.731689 0.000000 1321.507324 0.000000 0.813478 0.000000 -0.581596 0.354339 0.354339 0.354339
2627.433594 0.000000 1532.292114 0.000000 0.885520 0.000000 -0.464602 0.360977 0.360977 0.360977
2661.867432 0.000000 1517.555420 0.000000 0.650287 0.000000 -0.759688 0.354524 0.354524 0.354524
2687.447266 0.000000 1485.762817 0.000000 0.209642 0.000000 -0.977778 0.357128 0.357128 0.357128
2653.726318 0.000000 1519.594238 0.000000 0.471336 0.000000 -0.881954 0.354718 0.354718 0.354718
2808.120605 0.000000 1482.700684 0.000000 0.546419 0.000000 -0.837512 0.363011 0.363011 0.363011
2806.758789 0.000000 1510.973389 0.000000 0.699384 0.000000 -0.714746 0.359045 0.359045 0.359045
2816.431641 0.000000 1485.762817 0.000000 0.884225 0.000000 -0.467062 0.356369 0.356369 0.356369
2703.304688 0.000000 1550.031860 0.000000 0.543711 0.000000 -0.839273 0.355221 0.355221 0.355221
2686.834229 0.000000 1631.488647 0.000000 0.515109 0.000000 -0.857125 0.360797 0.360797 0.360797
2710.185303 0.000000 1629.607788 0.000000 0.844911 0.000000 -0.534907 0.352466 0.352466 0.352466
2761.053955 0.000000 1585.413452 0.000000 0.745472 0.000000 -0.666537 0.355100 0.355100 0.355100
2820.608398 0.000000 1627.761841 0.000000 0.754714 0.000000 -0.656054 0.351876 0.351876 0.351876
2820.300781 0.000000 1606.819824 0.000000 0.681729 0.000000 -0.731605 0.371513 0.371513 0.371513
2817.583496 0.000000 1645.349121 0.000000 0.876332 0.000000 -0.481708 0.353074 0.353074 0.353074
2803.562256 0.000000 1654.494263 0.000000 0.875447 0.000000 -0.483314 0.358375 0.358375 0.358375
2874.119141 0.000000 1415.899658 0.000000 0.890080 0.000000 -0.455804 0.350827 0.350827 0.350827
2845.381836 0.000000 1412.184204 0.000000 0.629079 0.000000 -0.777341 0.364005 0.364005 0.364005
2856.171143 0.000000 1411.110718 0.000000 0.157033 0.000000 -0.987593 0.391982 0.391982 0.391982
2856.645508 0.000000 1407.820190 0.000000 0.802977 0.000000 -0.596010 0.390729 0.390729 0.390729
2874.678955 0.000000 1462.097778 0.000000 0.568437 0.000000 -0.822727 0.354221 0.354221 0.354221
2878.553467 0.000000 1495.434082 0.000000 0.206403 0.000000 -0.978467 0.361909 0.361909 0.361909
2902.323486 0.000000 1520.257935 0.000000 0.059044 0.000000 -0.998255 0.355284 0.355284 0.355284
2912.817383 0.000000 1537.182739 0.000000 0.904154 0.000000 -0.427206 0.352700 0.352700 0.352700
3083.654541 0.000000 1470.586914 0.000000 0.129694 0.000000 -0.991554 0.360071 0.360071 0.360071
3015.220947 0.000000 1579.251343 0.000000 0.546144 0.000000 -0.837691 0.352603 0.352603 0.352603
3019.162354 0.000000 1556.571289 0.000000 0.617042 0.000000 -0.786931 0.356332 0.356332 0.356332
3027.348633 0.000000 1594.604858 0.000000 0.798559 0.000000 -0.601916 0.353951 0.353951 0.353951
3041.801758 0.000000 1623.167114 0.000000 0.838970 0.000000 -0.544178 0.351508 0.351508 0.351508
2694.116699 0.000000 1761.390503 0.000000 0.284580 0.000000 -0.958652 0.370167 0.370167 0.370167
2718.328369 0.000000 1769.100952 0.000000 0.029267 0.000000 -0.999572 0.383674 0.383674 0.383674
2825.944336 0.000000 1795.650513 0.000000 0.835287 0.000000 -0.549814 0.357630 0.357630 0.357630
2729.665039 0.000000 1810.274414 0.000000 0.263436 0.000000 -0.964677 0.356838 0.356838 0.356838
2874.119141 0.000000 1759.837158 0.000000 0.312968 0.000000 -0.949764 0.355472 0.355472 0.355472
2848.325195 0.000000 1795.135864 0.000000 0.447281 0.000000 -0.894394 0.359674 0.359674 0.359674
2901.801514 0.000000 1727.973022 0.000000 0.178569 0.000000 -0.983927 0.370666 0.370666 0.370666
2976.297119 0.000000 1769.100952 0.000000 0.569386 0.000000 -0.822070 0.351686 0.351686 0.351686
2976.297119 0.000000 1855.085327 0.000000 0.121390 0.000000 -0.992605 0.352532 0.352532 0.352532
3031.179443 0.000000 1877.499268 0.000000 0.793422 0.000000 -0.608672 0.350572 0.350572 0.350572
2840.801025 0.000000 1898.700806 0.000000 0.718008 0.000000 -0.696035 0.355382 0.355382 0.355382
2927.340576 0.000000 1961.524658 0.000000 0.447818 0.000000 -0.894125 0.359668 0.359668 0.359668
2983.375977 0.000000 1905.851562 0.000000 0.824738 0.000000 -0.565515 0.351050 0.351050 0.351050
3011.561279 0.000000 1894.895874 0.000000 0.002633 0.000000 -0.999997 0.352740 0.352740 0.352740
3014.386719 0.000000 1962.213989 0.000000 0.055991 0.000000 -0.998431 0.368530 0.368530 0.368530
3017.919434 0.000000 1963.838013 0.000000 0.851590 0.000000 -0.524209 0.361572 0.361572 0.361572
3041.801758 0.000000 1967.104614 0.000000 0.649724 0.000000 -0.760170 0.354528 0.354528 0.354528
3038.401123 0.000000 1966.014038 0.000000 0.407437 0.000000 -0.913233 0.377158 0.377158 0.377158
3054.840332 0.000000 2026.204102 0.000000 0.169469 0.000000 -0.985536 0.356119 0.356119 0.356119
3058.294434 0.000000 2017.724487 0.000000 0.747428 0.000000 -0.664343 0.353175 0.353175 0.353175
3122.786621 0.000000 1415.833862 0.000000 0.401215 0.000000 -0.915984 0.355059 0.355059 0.355059
3184.071045 0.000000 1396.814087 0.000000 0.304566 0.000000 -0.952491 0.354409 0.354409 0.354409
3185.900635 0.000000 1386.474365 0.000000 0.840965 0.000000 -0.541090 0.351998 0.351998 0.351998
3106.293945 0.000000 1537.182739 0.000000 0.158977 0.000000 -0.987282 0.356165 0.356165 0.356165
3222.621094 0.000000 1489.784302 0.000000 0.420395 0.000000 -0.907341 0.358941 0.358941 0.358941
3207.561523 0.000000 1541.777466 0.000000 0.228210 0.000000 -0.973612 0.353514 0.353514 0.353514
3269.530029 0.000000 1378.989624 0.000000 0.185406 0.000000 -0.982662 0.351210 0.351210 0.351210
3289.148193 0.000000 1447.577393 0.000000 0.703247 0.000000 -0.710945 0.350691 0.350691 0.350691
3299.770508 0.000000 1451.198364 0.000000 0.566118 0.000000 -0.824324 0.353387 0.353387 0.353387
3232.244629 0.000000 1547.229858 0.000000 0.499777 0.000000 -0.866154 0.360068 0.360068 0.360068
3095.859375 0.000000 1588.979370 0.000000 0.906707 0.000000 -0.421760 0.353043 0.353043 0.353043
3161.104492 0.000000 1548.268188 0.000000 0.639086 0.000000 -0.769135 0.355367 0.355367 0.355367
3160.219971 0.000000 1571.333008 0.000000 0.697277 0.000000 -0.716802 0.354888 0.354888 0.354888
3370.329102 0.000000 1389.945312 0.000000 0.097155 0.000000 -0.995269 0.357725 0.357725 0.357725
3098.553223 0.000000 1734.693359 0.000000 0.468288 0.000000 -0.883576 0.351893 0.351893 0.351893
"}
