object={
	name="amb_3D_desert_emitter"
	clamp_to_water_level=no
	render_under_water=no
	generated_content=no
	layer="building_layer"
	entity="map_ambient_3D_desert"
	count=1
	transform="3531.812012 0.000000 281.206726 0.000000 0.000000 0.000000 1.000000 1.000000 1.000000 1.000000
"}
object={
	name="amb_3D_field_emitter"
	clamp_to_water_level=no
	render_under_water=no
	generated_content=no
	layer="building_layer"
	entity="map_ambient_3D_field"
	count=0
}
object={
	name="amb_3D_forest_emitter"
	clamp_to_water_level=no
	render_under_water=no
	generated_content=no
	layer="building_layer"
	entity="map_ambient_3D_forest"
	count=1
	transform="4465.613281 0.000000 264.056702 0.000000 0.000000 0.000000 1.000000 1.000000 1.000000 1.000000
"}
object={
	name="amb_3D_mountain_emitter"
	clamp_to_water_level=no
	render_under_water=no
	generated_content=no
	layer="building_layer"
	entity="map_ambient_3D_mountain"
	count=1
	transform="4380.437500 0.000000 264.727325 0.000000 0.000000 0.000000 1.000000 1.000000 1.000000 1.000000
"}
object={
	name="amb_3D_ocean_emitter"
	clamp_to_water_level=yes
	render_under_water=no
	generated_content=no
	layer="building_layer"
	entity="map_ambient_3D_ocean"
	count=54
	transform="22.893209 0.000000 -1.179398 0.000000 0.000000 0.000000 1.000000 1.000000 1.000000 1.000000
280.199890 0.000000 7.701492 0.000000 0.000000 0.000000 1.000000 1.000000 1.000000 1.000000
0.365933 0.000000 236.069489 0.000000 0.000000 0.000000 1.000000 1.000000 1.000000 1.000000
0.544248 0.000000 473.197632 0.000000 0.000000 0.000000 1.000000 1.000000 1.000000 1.000000
0.544248 0.000000 834.552551 0.000000 0.000000 0.000000 1.000000 1.000000 1.000000 1.000000
0.544248 0.000000 1193.799805 0.000000 0.000000 0.000000 1.000000 1.000000 1.000000 1.000000
0.544248 0.000000 1432.332153 0.000000 0.000000 0.000000 1.000000 1.000000 1.000000 1.000000
0.544248 0.000000 1673.918945 0.000000 0.000000 0.000000 1.000000 1.000000 1.000000 1.000000
0.544250 0.000000 1908.908203 0.000000 0.000000 0.000000 1.000000 1.000000 1.000000 1.000000
0.544248 0.000000 2263.380371 0.000000 0.000000 0.000000 1.000000 1.000000 1.000000 1.000000
0.544248 0.000000 2508.555908 0.000000 0.000000 0.000000 1.000000 1.000000 1.000000 1.000000
0.544249 0.000000 2739.391113 0.000000 0.000000 0.000000 1.000000 1.000000 1.000000 1.000000
0.544248 0.000000 2970.134766 0.000000 0.000000 0.000000 1.000000 1.000000 1.000000 1.000000
0.270975 0.000000 3087.385254 0.000000 0.000000 0.000000 1.000000 1.000000 1.000000 1.000000
0.270972 0.000000 3200.847656 0.000000 0.000000 0.000000 1.000000 1.000000 1.000000 1.000000
0.270972 0.000000 3431.172852 0.000000 0.000000 0.000000 1.000000 1.000000 1.000000 1.000000
0.196632 0.000000 3678.721924 0.000000 0.000000 0.000000 1.000000 1.000000 1.000000 1.000000
0.196631 0.000000 3957.281006 0.000000 0.000000 0.000000 1.000000 1.000000 1.000000 1.000000
7.996634 0.000000 4090.304199 0.000000 0.000000 0.000000 1.000000 1.000000 1.000000 1.000000
3595.163330 0.000000 51.048355 0.000000 0.000000 0.000000 1.000000 1.000000 1.000000 1.000000
3935.284668 0.000000 51.048355 0.000000 0.000000 0.000000 1.000000 1.000000 1.000000 1.000000
4312.040039 0.000000 51.048355 0.000000 0.000000 0.000000 1.000000 1.000000 1.000000 1.000000
4669.316406 0.000000 51.048355 0.000000 0.000000 0.000000 1.000000 1.000000 1.000000 1.000000
5063.842285 0.000000 51.048355 0.000000 0.000000 0.000000 1.000000 1.000000 1.000000 1.000000
5458.687012 0.000000 51.048355 0.000000 0.000000 0.000000 1.000000 1.000000 1.000000 1.000000
5824.547363 0.000000 51.048355 0.000000 0.000000 0.000000 1.000000 1.000000 1.000000 1.000000
6210.020020 0.000000 51.048355 0.000000 0.000000 0.000000 1.000000 1.000000 1.000000 1.000000
5978.810059 0.000000 216.150482 0.000000 0.000000 0.000000 1.000000 1.000000 1.000000 1.000000
6116.608398 0.000000 222.927490 0.000000 0.000000 0.000000 1.000000 1.000000 1.000000 1.000000
6063.533203 0.000000 97.153183 0.000000 0.000000 0.000000 1.000000 1.000000 1.000000 1.000000
5948.696777 0.000000 26.185211 0.000000 0.000000 0.000000 1.000000 1.000000 1.000000 1.000000
5839.544434 0.000000 182.541275 0.000000 0.000000 0.000000 1.000000 1.000000 1.000000 1.000000
5659.967285 0.000000 133.176178 0.000000 0.000000 0.000000 1.000000 1.000000 1.000000 1.000000
5519.783691 0.000000 187.036484 0.000000 0.000000 0.000000 1.000000 1.000000 1.000000 1.000000
5342.564453 0.000000 165.489059 0.000000 0.000000 0.000000 1.000000 1.000000 1.000000 1.000000
5281.784668 0.000000 37.006882 0.000000 0.000000 0.000000 1.000000 1.000000 1.000000 1.000000
5174.140137 0.000000 170.900162 0.000000 0.000000 0.000000 1.000000 1.000000 1.000000 1.000000
5026.908203 0.000000 206.718948 0.000000 0.000000 0.000000 1.000000 1.000000 1.000000 1.000000
4888.237793 0.000000 72.065285 0.000000 0.000000 0.000000 1.000000 1.000000 1.000000 1.000000
4823.422852 0.000000 209.466675 0.000000 0.000000 0.000000 1.000000 1.000000 1.000000 1.000000
4188.499023 0.000000 152.009506 0.000000 0.000000 0.000000 1.000000 1.000000 1.000000 1.000000
4129.977539 0.000000 20.986420 0.000000 0.000000 0.000000 1.000000 1.000000 1.000000 1.000000
4046.332520 0.000000 155.802917 0.000000 0.000000 0.000000 1.000000 1.000000 1.000000 1.000000
3903.349121 0.000000 280.957458 0.000000 0.000000 0.000000 1.000000 1.000000 1.000000 1.000000
3764.542480 0.000000 156.624664 0.000000 0.000000 0.000000 1.000000 1.000000 1.000000 1.000000
3764.082520 0.000000 32.086868 0.000000 0.000000 0.000000 1.000000 1.000000 1.000000 1.000000
4389.666504 0.000000 153.648880 0.000000 0.000000 0.000000 1.000000 1.000000 1.000000 1.000000
4486.624023 0.000000 57.191490 0.000000 0.000000 0.000000 1.000000 1.000000 1.000000 1.000000
4638.339844 0.000000 202.293594 0.000000 0.000000 0.000000 1.000000 1.000000 1.000000 1.000000
5122.576172 0.000000 268.788361 0.000000 0.000000 0.000000 1.000000 1.000000 1.000000 1.000000
5258.355957 0.000000 246.041199 0.000000 0.000000 0.000000 1.000000 1.000000 1.000000 1.000000
5601.639160 0.000000 6.906136 0.000000 0.000000 0.000000 1.000000 1.000000 1.000000 1.000000
5711.700195 0.000000 11.215096 0.000000 0.000000 0.000000 1.000000 1.000000 1.000000 1.000000
3901.306396 0.000000 164.166733 0.000000 0.000000 0.000000 1.000000 1.000000 1.000000 1.000000
"}
object={
	name="amb_3D_river_emitter"
	clamp_to_water_level=no
	render_under_water=no
	generated_content=no
	layer="building_layer"
	entity="map_ambient_3D_river"
	count=0
}
