object={
	name="bridge 01"
	clamp_to_water_level=no
	render_under_water=yes
	generated_content=no
	layer="temp_layer"
	pdxmesh="bridge_01_mesh"
	count=88
	transform="3388.871582 0.783691 3049.835693 0.000000 -0.063068 0.000000 0.998009 2.203740 2.203740 2.203740
3466.548340 2.216553 3112.125977 0.000000 -0.294692 0.000000 0.955592 2.203740 2.203740 2.203740
2871.164062 0.000000 3207.200928 0.000000 -0.058926 0.000000 0.998262 1.482739 1.482739 1.482739
3056.566162 1.356689 3169.204102 0.000000 -0.273957 0.000000 -0.961743 1.626738 1.626738 1.626738
2959.614014 1.752197 3266.087402 0.000000 -0.694937 0.000000 -0.719071 1.382490 1.382490 1.382490
2993.874023 0.696045 3207.762939 0.000000 0.216741 0.000000 0.976230 1.382490 1.382490 1.382490
2938.299805 1.290527 3239.636963 0.000000 0.224629 0.000000 0.974445 1.524596 1.524596 1.524596
2922.419189 0.000000 3235.889160 0.000000 0.869957 0.000000 0.493128 1.524596 1.524596 1.524596
2884.868408 1.202637 3282.392090 0.000000 -0.103309 0.000000 -0.994650 1.393183 1.393183 1.393183
2860.962646 1.487305 3265.263916 0.000000 0.603716 0.000000 -0.797200 1.561365 1.561365 1.561365
2856.056641 1.228516 3250.259521 0.000000 0.973533 0.000000 0.228548 1.357276 1.357276 1.357276
2884.643555 1.664795 3458.099121 0.000000 0.076220 0.000000 0.997091 1.444360 1.444360 1.444360
2997.768555 0.789551 3384.261475 0.000000 -0.626999 -0.000000 -0.779020 1.559131 1.559131 1.559131
2990.469238 1.912354 3453.158936 0.000000 -0.823343 0.000000 -0.567544 1.475003 1.475003 1.475003
3054.707764 2.123535 3507.872070 0.000000 -0.258800 0.000000 0.965931 1.382876 1.382876 1.382876
3229.518555 -0.239258 3529.250977 0.000000 0.963388 0.000000 0.268111 1.545709 1.545709 1.545709
3201.395996 -0.239258 3504.094971 0.000000 0.889523 0.000000 0.456890 1.545709 1.545709 1.545709
3277.869385 -0.239258 3474.226074 0.000000 0.953839 0.000000 -0.300320 1.545709 1.545709 1.545709
3213.255859 0.584229 3444.932617 0.000000 0.776504 0.000000 0.630112 1.545709 1.545709 1.545709
3234.012207 0.872070 3295.944092 0.000000 -0.935904 0.000000 0.352256 1.309711 1.309711 1.309711
3154.158447 0.591309 3381.144531 0.000000 -0.571654 0.000000 0.820495 1.285533 1.285533 1.285533
3093.973877 0.659180 3413.279785 0.000000 -0.865406 0.000000 0.501072 1.425697 1.425697 1.425697
3079.054443 0.413574 3478.999268 0.000000 0.854140 0.000000 0.520043 1.431080 1.431080 1.431080
3506.923584 1.080566 3192.544434 0.000000 -0.721988 0.000000 0.691906 1.381387 1.381387 1.381387
3628.454346 2.996826 3241.984131 0.000000 -0.180433 0.000000 0.983587 1.618022 1.618022 1.618022
3915.387939 1.730957 2899.080078 0.000000 0.000000 0.000000 1.000000 2.008767 2.008767 2.008767
3702.946777 0.777832 3192.670166 0.000000 -0.986907 0.000000 0.161293 1.724380 1.724380 1.724380
3785.322021 0.673096 3103.131104 0.000000 -0.834027 0.000000 -0.551723 1.724380 1.724380 1.724380
3709.167725 1.847900 3058.174805 0.000000 -0.806285 0.000000 -0.591527 1.724380 1.724380 1.724380
3675.016602 1.573975 3037.761963 0.000000 0.286010 0.000000 -0.958227 1.724380 1.724380 1.724380
3736.311035 0.498535 2999.579102 0.000000 0.947850 0.000000 -0.318717 1.724380 1.724380 1.724380
3784.074219 0.689941 2967.797852 0.000000 0.945632 0.000000 0.325238 1.700222 1.700222 1.700222
3772.742920 2.023926 3132.312256 0.000000 0.331872 0.000000 0.943324 1.620874 1.620874 1.620874
3763.044189 0.450439 3347.658936 0.000000 0.005310 0.000000 0.999986 1.369526 1.369526 1.369526
3831.628662 4.501953 3345.001709 0.000000 -0.247315 0.000000 0.968935 1.574303 1.574303 1.574303
3825.263428 1.406250 3328.085205 0.000000 0.778194 0.000000 0.628024 1.574303 1.574303 1.574303
3838.983154 1.441895 2935.388428 0.000000 0.786551 0.000000 -0.617526 1.496606 1.496606 1.496606
3773.570068 1.569336 3235.232666 0.000000 0.883815 0.000000 0.467838 1.496606 1.496606 1.496606
3656.822021 1.759033 3023.877686 0.000000 -0.153836 0.000000 0.988096 1.496606 1.496606 1.496606
3689.015625 2.445801 3020.228760 0.000000 -0.047833 0.000000 0.998855 1.496606 1.496606 1.496606
4002.526611 0.856689 1960.151978 0.000000 0.883985 0.000000 0.467514 1.779130 1.779130 1.779130
4155.802734 1.160400 2125.872314 0.000000 0.883985 0.000000 0.467514 1.779130 1.779130 1.779130
3988.931641 2.336914 2094.000977 0.000000 0.993751 0.000000 -0.111618 1.917866 1.917866 1.917866
4034.975342 2.116699 2097.685303 0.000000 0.993751 0.000000 -0.111618 1.720489 1.720489 1.720489
2680.033691 -0.383545 2122.778076 0.000000 0.682754 0.000000 0.730648 1.613011 1.613011 1.613011
2717.072998 -0.383545 2060.688721 0.000000 0.544075 0.000000 0.839036 1.806446 1.806446 1.806446
2804.544434 1.167725 2043.917725 0.000000 0.161159 0.000000 0.986928 1.806446 1.806446 1.806446
3249.883057 0.719605 2006.432129 0.000000 0.859194 0.000000 0.511651 1.597000 1.597000 1.597000
3207.085938 0.346924 1959.700317 0.000000 0.636398 0.000000 0.771361 1.597000 1.597000 1.597000
3256.683350 1.094971 2080.627686 0.000000 0.599506 0.000000 0.800371 1.542380 1.542380 1.542380
3110.137451 1.775635 2067.468750 0.000000 -0.383671 0.000000 0.923470 1.673800 1.673800 1.673800
3336.032715 0.571045 2124.592773 0.000000 -0.651526 0.000000 0.758626 1.572307 1.572307 1.572307
3317.836182 0.106689 2103.871094 0.000000 -0.174367 0.000000 0.984681 1.572307 1.572307 1.572307
3197.595215 1.241944 2106.765625 0.000000 0.144421 0.000000 0.989516 1.734819 1.734819 1.734819
3793.217529 -0.046753 2027.526733 0.000000 0.572255 0.000000 0.820076 1.599223 1.599223 1.599223
3798.490234 0.581787 2041.343750 0.000000 -0.457072 0.000000 0.889430 1.599223 1.599223 1.599223
3780.361084 0.581787 2035.034424 0.000000 -0.051278 0.000000 0.998684 1.599223 1.599223 1.599223
3776.948730 1.399658 2063.090332 0.000000 -0.051278 0.000000 0.998684 1.599223 1.599223 1.599223
3890.109131 0.590698 1789.353638 0.000000 -0.480095 0.000000 0.877216 1.506241 1.506241 1.506241
3876.596191 1.001709 1794.036987 0.000000 -0.641117 0.000000 0.767443 1.506241 1.506241 1.506241
4183.259277 0.340575 1925.709717 0.000000 -0.999822 0.000000 0.018854 1.862914 1.862914 1.862914
4284.958984 0.882690 1793.867798 0.000000 0.577000 0.000000 0.816744 1.776862 1.776862 1.776862
4505.388672 -0.143555 2076.634521 0.000000 0.246931 0.000000 0.969033 1.836985 1.836985 1.836985
4790.807129 0.243774 1337.619385 0.000000 0.721248 0.000000 0.692676 1.226599 1.226599 1.226599
4808.455566 -0.856567 1336.052124 0.000000 0.165435 0.000000 0.986221 1.260678 1.260678 1.260678
4816.586426 -0.267578 1345.257324 0.000000 0.479854 0.000000 0.877348 1.293397 1.293397 1.293397
4826.905762 -0.262207 1352.535767 0.000000 0.665808 0.000000 0.746123 1.337586 1.337586 1.337586
4861.812500 -0.586426 1351.852661 0.000000 0.421851 0.000000 0.906665 1.605836 1.605836 1.605836
4839.250000 -0.393921 1350.530884 0.000000 0.641796 0.000000 0.766875 1.396963 1.396963 1.396963
4310.846191 2.412231 1158.053955 0.000000 0.518769 0.000000 0.854915 2.265889 2.265889 2.265889
3104.051025 -0.090698 1314.984619 0.000000 0.836255 0.000000 0.548341 1.781519 1.781519 1.781519
3091.765381 0.360840 1427.669312 0.000000 0.752049 0.000000 0.659107 1.845654 1.845654 1.845654
3210.608154 0.360840 1432.503418 0.000000 0.395952 0.000000 0.918271 1.845654 1.845654 1.845654
3196.690430 0.360840 1435.694336 0.000000 0.000000 0.000000 1.000000 1.845654 1.845654 1.845654
3060.803955 1.023926 1975.806641 0.000000 0.872354 0.000000 0.488874 1.650537 1.650537 1.650537
3048.525391 1.023926 1918.502441 0.000000 0.709994 0.000000 0.704208 1.510341 1.510341 1.510341
1729.768066 1.286621 3046.404053 0.000000 -0.730547 0.000000 0.682863 1.394089 1.394089 1.394089
1716.185181 1.756836 3006.108398 0.000000 -0.280546 0.000000 0.959841 1.261949 1.261949 1.261949
3061.441895 1.434570 1939.718872 0.000000 -0.686070 0.000000 0.727536 1.302014 1.302014 1.302014
4172.457031 0.827637 2663.485352 0.000000 -0.893071 0.000000 0.449915 1.000000 1.000000 1.000000
2315.941895 0.951416 3487.227539 0.000000 0.033045 0.000000 0.999454 1.052197 1.052197 1.052197
2304.944092 0.951416 3455.773193 0.000000 0.229771 0.000000 0.973245 1.052197 1.052197 1.052197
1925.267700 0.695068 2983.349365 0.000000 0.153851 0.000000 0.988094 1.000000 1.000000 1.000000
1891.648804 2.170654 2924.687744 0.000000 -0.082228 0.000000 0.996614 1.000000 1.000000 1.000000
1894.757690 0.000000 2940.258057 0.000000 0.427694 0.000000 0.903924 1.000000 1.000000 1.000000
1878.758179 0.277100 2943.074951 0.000000 -0.335209 0.000000 0.942144 1.000000 1.000000 1.000000
4430.985352 3.163086 1218.374512 0.000000 -0.469594 0.000000 0.882883 1.667251 1.667251 1.667251
4469.272461 0.000000 3482.874512 0.000000 -0.754678 0.000000 0.656095 1.499583 1.499583 1.499583
"}
object={
	name="bridge_imperial_full"
	clamp_to_water_level=no
	render_under_water=no
	generated_content=no
	layer="building_layer"
	pdxmesh="bridge_imperial_full_mesh"
	count=20
	transform="3925.779541 0.497681 1636.298584 0.000000 0.874342 0.000000 -0.485310 1.214612 1.214612 1.214612
3903.926514 1.736328 1623.213379 0.000000 0.733617 0.000000 -0.679563 1.214612 1.214612 1.214612
3902.068115 2.687988 1637.227051 0.000000 0.645363 0.000000 -0.763876 1.214612 1.214612 1.214612
3870.493408 4.266846 1911.142700 0.000000 0.968793 0.000000 0.247873 1.393689 1.393689 1.393689
3751.095459 1.903320 2059.983398 0.000000 0.982183 0.000000 0.187928 1.393689 1.393689 1.393689
4007.968750 1.190186 2365.708252 0.000000 0.610754 0.000000 0.791820 1.276760 1.276760 1.276760
3969.052734 1.190186 2241.804688 0.000000 0.778155 0.000000 0.628072 1.276760 1.276760 1.276760
3669.076660 1.190186 2285.062500 0.000000 0.778155 0.000000 0.628072 1.124840 1.124840 1.124840
3693.329834 2.933594 2302.164551 0.000000 -0.125626 0.000000 0.992078 2.228281 2.228281 2.228281
3747.698975 2.134033 2474.804688 0.000000 -0.852380 0.000000 0.522922 2.152811 2.152811 2.152811
3550.650391 3.558105 2517.062012 0.000000 -0.949266 0.000000 -0.314474 2.141228 2.141228 2.141228
3562.674316 1.825439 2299.493408 0.000000 -0.667839 0.000000 -0.744306 1.504656 1.504656 1.504656
3601.191895 -0.194092 2254.847412 0.000000 0.410327 0.000000 -0.911939 1.316501 1.316501 1.316501
3596.899170 3.324463 2299.404541 0.000000 0.732808 0.000000 -0.680435 1.384830 1.384830 1.384830
3655.444092 0.000000 2287.660156 0.000000 0.778155 0.000000 0.628072 1.124840 1.124840 1.124840
4004.905518 2.216797 2541.630615 0.000000 0.663802 0.000000 0.747908 1.000000 1.000000 1.000000
4002.398193 0.482910 2527.096924 0.000000 -0.882971 0.000000 0.469428 1.000000 1.000000 1.000000
4009.726807 0.860596 2528.869141 0.000000 0.743029 0.000000 0.669259 1.000000 1.000000 1.000000
5122.891113 0.000000 2879.845703 0.000000 0.311965 0.000000 0.950094 0.758807 0.758807 0.758807
4063.510986 1.367432 3394.102295 0.000000 0.133299 0.000000 0.991075 1.002293 1.002293 1.002293
"}
