object={
	name="archway"
	clamp_to_water_level=no
	render_under_water=no
	generated_content=no
	layer="building_layer"
	pdxmesh="cliff_archway_01_mesh"
	count=17
	transform="4993.541016 -0.724609 3444.050293 0.000000 -0.996157 0.000000 -0.087582 1.638707 1.638707 1.638707
5051.902344 -2.099609 3473.501221 0.000000 -0.769524 0.000000 0.638618 1.645508 1.645508 1.645508
5048.402344 -1.563232 3457.673340 0.000000 -0.999589 0.000000 -0.028669 1.276056 1.276056 1.276056
5010.233398 -0.603271 3473.810547 0.000000 -0.571812 0.000000 -0.820385 1.571711 1.571711 1.571711
5004.447266 -0.603271 3480.213135 0.000000 -0.995323 0.000000 0.096603 1.314681 1.314681 1.314681
5033.636719 -0.617676 3474.957764 0.000000 -0.386524 0.000000 -0.922280 1.454132 1.454132 1.454132
5014.091797 -0.968506 3461.644287 0.000000 -0.729531 0.000000 -0.683948 1.438388 1.438388 1.438388
5022.240234 0.262207 3470.423096 0.000000 -0.107346 0.000000 -0.994222 1.050334 1.050334 1.050334
5034.845703 0.185059 3467.544434 0.000000 0.452145 0.000000 -0.891945 0.876586 0.876586 0.876586
5037.747070 0.025147 3461.136963 0.000000 0.848258 0.000000 -0.529584 1.397061 1.397061 1.397061
5029.139160 -0.406494 3442.005127 0.000000 0.953609 0.000000 -0.301047 1.483184 1.483184 1.483184
4999.709961 -0.406494 3449.318359 0.000000 0.917081 0.000000 -0.398701 1.064103 1.064103 1.064103
5007.608887 -0.406494 3447.390381 0.000000 0.892549 0.000000 0.450951 1.414155 1.414155 1.414155
4947.284180 -0.406494 3338.960449 0.000000 0.788850 0.000000 0.614586 1.077752 1.077752 1.077752
4248.771484 0.652100 3315.771240 0.000000 0.999995 0.000000 0.003169 1.226675 1.226675 1.226675
4206.622070 -0.921631 3272.546631 0.000000 0.997706 0.000000 -0.067702 1.123999 1.123999 1.123999
3649.538330 0.000000 1331.983643 0.000000 -0.997317 0.000000 0.073203 1.267480 1.267480 1.267480
"}
object={
	name="cliff big 01"
	clamp_to_water_level=no
	render_under_water=no
	generated_content=no
	layer="temp_layer"
	pdxmesh="cliff_big_01_mesh"
	count=0
}
object={
	name="cliff big 02"
	clamp_to_water_level=no
	render_under_water=no
	generated_content=no
	layer="temp_layer"
	pdxmesh="cliff_big_02_mesh"
	count=0
}
object={
	name="cliff end 01"
	clamp_to_water_level=no
	render_under_water=no
	generated_content=no
	layer="temp_layer"
	pdxmesh="cliff_end_01_mesh"
	count=0
}
object={
	name="cliff end 02"
	clamp_to_water_level=no
	render_under_water=no
	generated_content=no
	layer="temp_layer"
	pdxmesh="cliff_end_02_mesh"
	count=0
}
object={
	name="cliff rock 01"
	clamp_to_water_level=no
	render_under_water=no
	generated_content=no
	layer="temp_layer"
	pdxmesh="cliff_rock_01_mesh"
	count=11
	transform="2999.289307 0.063721 3212.714600 0.000000 0.000000 0.000000 1.000000 1.000000 1.000000 1.000000
3002.416748 -0.454346 3215.354736 0.000000 -0.626935 0.000000 0.779072 1.000000 1.000000 1.000000
2994.059814 -0.211670 3218.732178 0.000000 -0.208213 0.000000 0.978084 1.000000 1.000000 1.000000
4788.096680 0.037842 2978.093994 0.000000 0.171451 0.000000 0.985193 1.000000 1.000000 1.000000
4795.028809 0.621582 2982.892334 0.000000 0.171451 0.000000 0.985193 1.000000 1.000000 1.000000
4793.268555 1.476318 2982.686035 0.000000 0.171451 0.000000 0.985193 1.000000 1.000000 1.000000
4792.414551 1.476318 2983.725586 0.000000 0.171451 0.000000 0.985193 1.000000 1.000000 1.000000
4791.264648 1.476318 2983.833496 0.000000 0.171451 0.000000 0.985193 1.000000 1.000000 1.000000
4790.467285 1.476318 2982.773682 0.000000 0.171451 0.000000 0.985193 1.000000 1.000000 1.000000
4789.943848 1.476318 2981.052979 0.000000 0.171451 0.000000 0.985193 1.000000 1.000000 1.000000
4789.067383 1.476318 2979.604736 0.000000 0.171451 0.000000 0.985193 1.000000 1.000000 1.000000
"}
object={
	name="cliff rock 02"
	clamp_to_water_level=no
	render_under_water=no
	generated_content=no
	layer="temp_layer"
	pdxmesh="cliff_rock_02_mesh"
	count=0
}
object={
	name="cliff rock 03"
	clamp_to_water_level=no
	render_under_water=no
	generated_content=no
	layer="temp_layer"
	pdxmesh="cliff_rock_03_mesh"
	count=0
}
object={
	name="cliff small 01"
	clamp_to_water_level=no
	render_under_water=no
	generated_content=no
	layer="temp_layer"
	pdxmesh="cliff_small_01_mesh"
	count=0
}
