object={
	name="cliff coastline 01"
	clamp_to_water_level=no
	render_under_water=yes
	generated_content=no
	layer="temp_layer"
	pdxmesh="cliff_coastline_01_mesh"
	count=24
	transform="7148.858887 -5.207947 280.674744 -0.000000 -0.375690 -0.000000 -0.926746 0.205334 0.205334 0.205334
7135.991699 -8.310181 273.520325 -0.000000 -0.897830 -0.000000 -0.440343 0.205334 0.205334 0.205334
7141.346191 -8.310181 276.135468 -0.000000 -0.453956 -0.000000 -0.891024 0.205334 0.205334 0.205334
7142.213379 -3.742706 277.641632 -0.000000 0.589585 -0.000000 -0.807706 0.205334 0.205334 0.205334
7136.857422 -4.109802 275.051758 -0.000000 0.900470 -0.000000 0.434918 0.205334 0.205334 0.205334
7124.160645 -10.846344 270.471100 -0.000000 -0.660103 -0.000000 -0.751175 0.205334 0.205334 0.205334
7125.823730 -10.183868 271.006958 -0.000000 -0.098421 -0.000000 -0.995145 0.205334 0.205334 0.205334
7129.560547 -7.514496 271.086853 -0.000000 0.861429 -0.000000 -0.507878 0.205334 0.205334 0.205334
7128.437988 -7.514496 271.625427 -0.000000 0.861429 -0.000000 -0.507878 0.205334 0.205334 0.205334
7132.663086 -8.230652 271.917175 -0.000000 0.957057 -0.000000 0.289902 0.205334 0.205334 0.205334
7131.136230 -6.746429 272.651306 -0.000000 0.957057 -0.000000 0.289902 0.205334 0.205334 0.205334
7134.109375 -4.879974 273.636017 -0.000000 0.619824 -0.000000 0.784741 0.205334 0.205334 0.205334
2994.102295 -1.271728 3214.507324 0.000000 0.575304 0.000000 0.817940 0.685583 0.685583 0.685583
3001.230957 -1.429687 3220.933838 0.000000 0.988809 0.000000 0.149186 0.685583 0.685583 0.685583
2996.710693 -1.142822 3221.520020 0.000000 0.000000 0.000000 1.000000 0.685583 0.685583 0.685583
3145.376953 -1.142822 3341.592773 0.000000 0.000000 0.000000 1.000000 0.685583 0.685583 0.685583
1981.566040 -0.683838 3174.466309 0.000000 0.000000 0.000000 1.000000 0.451360 0.451360 0.451360
1978.901978 -0.835938 3177.264893 0.000000 0.000000 0.000000 1.000000 0.571055 0.571055 0.571055
1972.543457 -0.240967 3176.755371 0.000000 0.000000 0.000000 1.000000 0.389100 0.389100 0.389100
1975.444214 -1.370850 3167.262451 0.000000 0.000000 0.000000 1.000000 0.528618 0.528618 0.528618
1973.398438 -0.843506 3185.011963 0.000000 0.000000 0.000000 1.000000 0.653177 0.653177 0.653177
1982.980713 -1.471436 3183.832764 0.000000 0.000000 0.000000 1.000000 0.653177 0.653177 0.653177
1989.424438 -0.927979 3172.040283 0.000000 0.000000 0.000000 1.000000 0.653177 0.653177 0.653177
1974.594604 -0.926758 3159.439941 0.000000 0.000000 0.000000 1.000000 0.705429 0.705429 0.705429
"}
object={
	name="cliff coastline 02"
	clamp_to_water_level=no
	render_under_water=yes
	generated_content=no
	layer="temp_layer"
	pdxmesh="cliff_coastline_02_mesh"
	count=9
	transform="0.000000 0.000000 0.000000 0.000000 0.000000 0.000000 1.000000 1.000000 1.000000 1.000000
7139.026855 -2.094574 275.863495 -0.000000 0.814658 -0.000000 -0.579941 0.138236 0.138236 0.138236
7140.562012 -0.798676 276.562561 -0.000000 0.999852 -0.000000 -0.017216 0.138236 0.138236 0.138236
7145.329102 -0.798676 278.393585 -0.000000 0.811430 -0.000000 0.584450 0.138236 0.138236 0.138236
3147.770020 -1.256836 3334.258301 0.000000 0.691953 0.000000 0.721943 1.078717 1.078717 1.078717
3148.895508 -0.493164 3340.026611 0.000000 -0.503952 0.000000 0.863732 0.812353 0.812353 0.812353
1972.247314 -0.810791 3169.512451 0.000000 0.777446 0.000000 0.628950 0.763416 0.763416 0.763416
1978.085327 -0.626953 3184.947998 0.000000 0.777446 0.000000 0.628950 0.796311 0.796311 0.796311
1979.239624 -0.529297 3159.982666 0.000000 0.777446 0.000000 0.628950 0.773279 0.773279 0.773279
"}
object={
	name="cliff coastline 03"
	clamp_to_water_level=no
	render_under_water=yes
	generated_content=no
	layer="temp_layer"
	pdxmesh="cliff_coastline_03_mesh"
	count=8
	transform="0.000000 0.000000 0.000000 0.000000 0.000000 0.000000 1.000000 1.000000 1.000000 1.000000
7146.542969 -0.847015 280.398224 -0.000000 0.927711 -0.000000 0.373300 0.120853 0.120853 0.120853
7144.854980 -0.847015 279.542084 -0.000000 0.485787 -0.000000 0.874077 0.120853 0.120853 0.120853
7146.671387 -0.847015 279.668762 -0.000000 0.682175 -0.000000 0.731189 0.120853 0.120853 0.120853
7146.769043 -0.847015 278.856720 -0.000000 -0.000000 -0.000000 1.000000 0.120853 0.120853 0.120853
3144.096924 -0.694580 3335.215332 0.000000 0.964898 0.000000 0.262626 0.814090 0.814090 0.814090
3150.399902 -0.675781 3336.319092 0.000000 -0.801324 0.000000 0.598231 0.985034 0.985034 0.985034
1983.754883 -0.686768 3162.086182 0.000000 0.000000 0.000000 1.000000 1.000000 1.000000 1.000000
"}
object={
	name="cliff coastline 04"
	clamp_to_water_level=no
	render_under_water=yes
	generated_content=no
	layer="temp_layer"
	pdxmesh="cliff_coastline_04_mesh"
	count=13
	transform="0.000000 0.000000 0.000000 0.000000 0.000000 0.000000 1.000000 1.000000 1.000000 1.000000
7151.473145 -4.598541 283.087006 -0.000000 0.947121 -0.000000 0.320877 0.288403 0.288403 0.288403
7150.455078 -5.109619 281.243591 -0.000000 0.869259 -0.000000 -0.494356 0.288403 0.288403 0.288403
7148.125000 -5.227631 280.102112 -0.000000 0.592841 -0.000000 0.805319 0.288403 0.288403 0.288403
7144.223145 -4.134888 277.799530 -0.000000 -0.245334 -0.000000 0.969439 0.288403 0.288403 0.288403
7138.897949 -4.406006 275.537689 -0.000000 0.635974 -0.000000 0.771710 0.288403 0.288403 0.288403
7151.754395 -5.699432 282.654297 -0.000000 -0.308077 -0.000000 0.951361 0.288403 0.288403 0.288403
3142.691162 -0.389648 3339.289795 0.000000 -0.642849 0.000000 0.765993 1.331510 1.331510 1.331510
1986.183960 0.000000 3180.804199 0.000000 0.502989 0.000000 0.864293 1.095630 1.095630 1.095630
1963.555542 -0.402588 3169.708008 0.000000 -0.833676 0.000000 0.552254 1.279714 1.279714 1.279714
1971.075562 -0.402588 3174.006104 0.000000 0.742120 0.000000 0.670267 0.867673 0.867673 0.867673
1979.995728 0.000000 3168.133789 0.000000 -0.270454 0.000000 0.962733 1.000000 1.000000 1.000000
1987.437622 0.000000 3167.174072 0.000000 0.000000 0.000000 1.000000 1.000000 1.000000 1.000000
"}
object={
	name="rock1"
	clamp_to_water_level=no
	render_under_water=no
	generated_content=no
	layer="building_layer"
	pdxmesh="cliff_coastline_02_mesh"
	count=10
	transform="2972.836182 -0.962158 3171.123779 0.000000 0.912633 0.000000 -0.408780 0.992498 0.992498 0.992498
2982.776123 -3.290527 3205.648682 0.000000 0.631536 0.000000 0.775347 1.896780 1.896780 1.896780
1988.559692 -0.671387 3177.143311 0.000000 0.927881 0.000000 0.372876 0.723079 0.723079 0.723079
1970.283447 -0.446045 3161.414062 0.000000 0.569880 0.000000 -0.821728 0.722121 0.722121 0.722121
1969.282715 -0.512451 3182.721924 0.000000 0.569880 0.000000 -0.821728 0.722121 0.722121 0.722121
1965.954834 -0.598389 3179.835693 0.000000 0.860428 0.000000 -0.509572 0.806294 0.806294 0.806294
1963.578735 -0.833008 3174.061279 0.000000 0.860428 0.000000 -0.509572 0.934542 0.934542 0.934542
1982.068237 0.000000 3171.084717 0.000000 0.890954 0.000000 0.454094 0.611880 0.611880 0.611880
1975.602173 -0.488525 3177.417725 0.000000 0.890954 0.000000 0.454094 0.669489 0.669489 0.669489
1966.136597 -0.502441 3164.476318 0.000000 0.548893 0.000000 0.835893 0.855176 0.855176 0.855176
"}
object={
	name="rock1coastline"
	clamp_to_water_level=no
	render_under_water=no
	generated_content=no
	layer="building_layer"
	pdxmesh="cliff_coastline_02_mesh"
	count=2
	transform="3006.454590 -3.957275 3224.740723 0.000000 -0.524853 0.000000 -0.851193 2.259279 2.259279 2.259279
2942.143066 -1.875488 3196.167725 0.000000 0.000000 0.000000 1.000000 1.547625 1.547625 1.547625
"}
object={
	name="rock2"
	clamp_to_water_level=no
	render_under_water=no
	generated_content=no
	layer="building_layer"
	pdxmesh="cliff_small_01_mesh"
	count=0
}
object={
	name="solitude bridge"
	clamp_to_water_level=no
	render_under_water=no
	generated_content=no
	layer="temp_layer"
	pdxmesh="cliff_solitude_01_mesh"
	count=1
	transform="3208.550537 6.894531 3588.427979 0.000000 0.351889 0.000000 0.936042 10.799858 10.799858 10.799858
"}
object={
	name="solitude cliff"
	clamp_to_water_level=no
	render_under_water=no
	generated_content=no
	layer="temp_layer"
	pdxmesh="cliff_solitude_02_mesh"
	count=1
	transform="3222.245605 -15.061035 3576.702637 0.000000 0.367891 0.000000 0.929869 0.511654 0.511654 0.511654
"}
object={
	name="solitude_cliff_2"
	clamp_to_water_level=no
	render_under_water=no
	generated_content=no
	layer="temp_layer"
	pdxmesh="cliff_solitude_03_mesh"
	count=0
}
