object={
	name="env_coast_foam_l"
	clamp_to_water_level=yes
	render_under_water=yes
	generated_content=no
	layer="coast_foam_layer"
	entity="env_coast_foam_l"
	count=13
	transform="3628.786865 0.000000 182.401566 0.000000 -0.412226 0.000000 0.911081 1.000000 1.000000 1.000000
3613.851807 0.000000 163.905991 0.000000 -0.412226 0.000000 0.911081 1.000000 1.000000 1.000000
3599.320801 0.000000 147.919724 0.000000 -0.412226 0.000000 0.911081 1.000000 1.000000 1.000000
3586.049805 0.000000 132.486572 0.000000 -0.412226 0.000000 0.911081 1.000000 1.000000 1.000000
3571.906982 0.000000 115.157196 0.000000 -0.412226 0.000000 0.911081 1.000000 1.000000 1.000000
3553.591797 0.000000 93.487686 0.000000 -0.412226 0.000000 0.911081 1.000000 1.000000 1.000000
3536.115234 0.000000 72.078560 0.000000 -0.412226 0.000000 0.911081 1.000000 1.000000 1.000000
5297.874023 0.000000 304.403900 0.000000 0.580981 0.000000 0.813917 1.000000 1.000000 1.000000
5308.645020 0.000000 281.070831 0.000000 0.520959 0.000000 0.853582 1.000000 1.000000 1.000000
5333.065918 0.000000 259.730072 0.000000 0.118132 0.000000 0.992998 1.000000 1.000000 1.000000
5359.840820 0.000000 263.666077 0.000000 -0.212718 0.000000 0.977114 1.000000 1.000000 1.000000
1788.743164 0.000000 2702.590088 0.000000 -0.109005 0.000000 0.994041 1.000000 1.000000 1.000000
4235.832520 0.000000 3694.248291 0.000000 -0.989521 0.000000 0.144387 1.000000 1.000000 1.000000
"}
object={
	name="env_coast_foam_m"
	clamp_to_water_level=yes
	render_under_water=yes
	generated_content=no
	layer="coast_foam_layer"
	entity="env_coast_foam_m"
	count=7
	transform="3678.858398 0.000000 252.886368 0.000000 -0.475806 0.000000 0.879550 1.000000 1.000000 1.000000
3688.323242 0.000000 264.373322 0.000000 -0.345540 0.000000 0.938404 1.000000 1.000000 1.000000
4103.402344 0.000000 3438.652588 0.000000 -0.948580 0.000000 0.316538 1.000000 1.000000 1.000000
4128.521973 0.000000 3412.433838 0.000000 -0.776927 0.000000 0.629590 1.000000 1.000000 1.000000
3998.012695 0.000000 3454.503906 0.000000 -0.944662 0.000000 -0.328045 1.000000 1.000000 1.000000
5341.764160 0.000000 3507.146484 0.000000 -0.963129 0.000000 0.269039 1.000000 1.000000 1.000000
5397.926758 0.000000 3408.187744 0.000000 -0.458076 0.000000 0.888913 1.000000 1.000000 1.000000
"}
object={
	name="env_coast_foam_s"
	clamp_to_water_level=yes
	render_under_water=yes
	generated_content=no
	layer="coast_foam_layer"
	entity="env_coast_foam_s"
	count=15
	transform="1765.973999 0.000000 2699.056152 0.000000 -0.026440 0.000000 0.999650 1.000000 1.000000 1.000000
1750.521118 0.000000 2698.970215 0.000000 0.039312 0.000000 0.999227 1.000000 1.000000 1.000000
1804.548584 0.000000 2709.160400 0.000000 -0.229592 0.000000 0.973287 1.000000 1.000000 1.000000
4089.069336 0.000000 3454.455078 0.000000 -0.877145 0.000000 0.480225 1.000000 1.000000 1.000000
4078.568604 0.000000 3467.041260 0.000000 -0.831929 0.000000 0.554883 1.000000 1.000000 1.000000
4012.950195 0.000000 3462.477539 0.000000 -0.897620 0.000000 -0.440770 1.000000 1.000000 1.000000
3989.872803 0.000000 3443.829590 0.000000 -0.878908 0.000000 -0.476990 1.000000 1.000000 1.000000
4216.325195 0.000000 3698.872070 0.000000 -0.999832 0.000000 0.018305 1.000000 1.000000 1.000000
4161.806152 0.000000 3702.435791 0.000000 -0.977089 0.000000 0.212833 1.000000 1.000000 1.000000
4175.180664 0.000000 3703.046387 0.000000 -0.970683 0.000000 -0.240364 1.000000 1.000000 1.000000
4190.076172 0.000000 3707.399170 0.000000 0.997114 0.000000 -0.075920 1.000000 1.000000 1.000000
4143.849121 0.000000 3706.808350 0.000000 -0.998861 0.000000 0.047707 1.000000 1.000000 1.000000
4116.711426 0.000000 3707.359131 0.000000 -0.975099 0.000000 0.221769 1.000000 1.000000 1.000000
5391.617676 0.000000 3396.231689 0.000000 -0.567792 0.000000 0.823172 1.000000 1.000000 1.000000
5398.192871 0.000000 3428.184326 0.000000 -0.834645 0.000000 0.550788 1.000000 1.000000 1.000000
"}
