object={
	name="ada_mantia"
	render_pass=Map
	clamp_to_water_level=no
	generated_content=no
	layer="building_layer"
	pdxmesh="building_special_ada_mantia_mesh"
	count=1
	transform="2115.625977 0.000000 2983.250488 0.000000 -0.395700 0.000000 0.918380 2.128693 2.128693 2.128693
"}
object={
	name="bridge_imperial"
	render_pass=Map
	clamp_to_water_level=yes
	generated_content=no
	layer="building_layer"
	pdxmesh="bridge_imperial_mesh"
	count=32
	transform="3583.495361 0.897949 2428.278809 0.000000 -0.716049 0.000000 0.698050 1.065723 1.065723 1.065723
3578.998535 0.897949 2428.180664 0.000000 -0.716049 0.000000 0.698050 1.065723 1.065723 1.065723
3574.479248 0.897949 2428.082031 0.000000 -0.716049 0.000000 0.698050 1.065723 1.065723 1.065723
3569.958252 0.646972 2427.941650 0.000000 -0.716049 0.000000 0.698050 1.065723 1.065723 1.065723
3845.701904 0.645263 2168.897949 0.000000 -0.767230 0.000000 0.641372 0.981820 0.981820 0.981820
3841.596924 0.645263 2168.178223 0.000000 -0.767230 0.000000 0.641372 0.981820 0.981820 0.981820
3837.497070 0.645263 2167.458008 0.000000 -0.767230 0.000000 0.641372 0.981820 0.981820 0.981820
3833.419189 0.645263 2166.716797 0.000000 -0.767230 0.000000 0.641372 0.981820 0.981820 0.981820
3818.163574 0.824950 2214.797852 0.000000 -0.843181 0.000000 0.537629 0.981820 0.981820 0.981820
3814.382080 0.824950 2213.058105 0.000000 -0.843181 0.000000 0.537629 0.981820 0.981820 0.981820
3810.626953 0.824950 2211.303467 0.000000 -0.843181 0.000000 0.537629 0.981820 0.981820 0.981820
3761.926514 1.057128 2294.629639 0.000000 -0.920732 0.000000 0.390196 0.981820 0.981820 0.981820
3758.922852 1.057128 2291.747559 0.000000 -0.920732 0.000000 0.390196 0.981820 0.981820 0.981820
3829.335693 0.661866 2165.982422 0.000000 -0.767230 0.000000 0.641372 0.981820 0.981820 0.981820
3755.949219 1.057128 2288.860107 0.000000 -0.920732 0.000000 0.390196 0.981820 0.981820 0.981820
3565.449219 0.905761 2427.805664 0.000000 -0.716049 0.000000 0.698050 1.065723 1.065723 1.065723
3560.931885 0.905761 2427.710449 0.000000 -0.716049 0.000000 0.698050 1.065723 1.065723 1.065723
3806.864746 0.841553 2209.553955 0.000000 -0.843181 0.000000 0.537629 0.981820 0.981820 0.981820
3556.434326 0.905761 2427.588623 0.000000 -0.716049 0.000000 0.698050 1.065723 1.065723 1.065723
3595.490967 0.275635 2347.594238 0.000000 -0.943508 0.000000 0.331350 0.693310 0.693310 0.693310
3595.478760 0.275635 2347.531006 0.000000 -0.943508 0.000000 0.331350 0.693310 0.693310 0.693310
3752.967285 1.073731 2285.975342 0.000000 -0.920732 0.000000 0.390196 0.981820 0.981820 0.981820
3612.268311 0.275635 2368.632080 0.000000 -0.943508 0.000000 0.331350 0.693310 0.693310 0.693310
3597.308350 0.275635 2349.791016 0.000000 -0.943508 0.000000 0.331350 0.693310 0.693310 0.693310
3599.116699 0.275635 2352.074707 0.000000 -0.943508 0.000000 0.331350 0.693310 0.693310 0.693310
3551.932129 0.922364 2427.475098 0.000000 -0.716049 0.000000 0.698050 1.065723 1.065723 1.065723
2545.900879 1.503662 3114.672363 0.000000 0.629072 0.000000 0.777347 0.978871 0.978871 0.978871
2549.961182 1.503662 3115.523438 0.000000 0.629072 0.000000 0.777347 0.978871 0.978871 0.978871
1772.527344 0.000000 1627.712158 0.000000 -0.761692 0.000000 0.647939 1.197376 1.197376 1.197376
1776.737671 0.000000 1628.327393 0.000000 -0.761692 0.000000 0.647939 1.197376 1.197376 1.197376
1781.764526 -0.192383 1629.197754 0.000000 -0.765986 0.000000 0.642857 1.197376 1.197376 1.197376
3259.502197 0.599854 2105.259277 0.000000 -0.288007 0.000000 0.957628 1.000000 1.000000 1.000000
"}
object={
	name="bridge_imperial_gate"
	render_pass=Map
	clamp_to_water_level=no
	generated_content=no
	layer="building_layer"
	pdxmesh="bridge_imperial_gate_mesh"
	count=18
	transform="3585.445557 1.319336 2428.311035 0.000000 0.699210 0.000000 0.714916 0.864915 0.864915 0.864915
3572.023193 1.084717 2428.037598 0.000000 0.699210 0.000000 0.714916 0.864915 0.864915 0.864915
3847.408203 3.342286 2169.216797 0.000000 0.642615 0.000000 0.766189 0.796821 0.796821 0.796821
3827.320068 1.899170 2165.656494 0.000000 0.642615 0.000000 0.766189 0.796821 0.796821 0.796821
3819.661865 1.939942 2215.377441 0.000000 0.538996 0.000000 0.842308 0.796821 0.796821 0.796821
3804.939941 0.638427 2208.794678 0.000000 0.538996 0.000000 0.842308 0.796821 0.796821 0.796821
3763.059326 1.424805 2295.736328 0.000000 0.391688 0.000000 0.920098 0.796821 0.796821 0.796821
3547.645020 1.202148 2521.217041 0.000000 0.308940 0.000000 -0.951082 0.948675 0.948675 0.948675
3554.256104 1.202148 2512.357178 0.000000 0.308940 0.000000 -0.951082 0.948675 0.948675 0.948675
3751.745605 0.732421 2476.925049 0.000000 0.855829 0.000000 -0.517258 0.948675 0.948675 0.948675
3743.269043 0.952392 2472.417969 0.000000 0.861909 0.000000 -0.507062 0.948675 0.948675 0.948675
3691.979492 1.022216 2307.061279 0.000000 0.993660 0.000000 0.112429 0.948675 0.948675 0.948675
3694.602539 1.019287 2297.338379 0.000000 0.993660 0.000000 0.112429 0.948675 0.948675 0.948675
3751.303955 0.870605 2284.696289 0.000000 0.391688 0.000000 0.920098 0.796821 0.796821 0.796821
3566.115479 1.273438 2427.923828 0.000000 0.699210 0.000000 0.714916 0.864915 0.864915 0.864915
3549.567139 0.182617 2427.430664 0.000000 0.699210 0.000000 0.714916 0.864915 0.864915 0.864915
2544.387695 2.019287 3114.437256 0.000000 0.629072 0.000000 0.777347 0.954092 0.954092 0.954092
2552.656250 2.028809 3116.268555 0.000000 0.618769 0.000000 0.785573 0.954092 0.954092 0.954092
"}
object={
	name="bridge_imperial_ramp"
	render_pass=Map
	clamp_to_water_level=no
	generated_content=no
	layer="building_layer"
	pdxmesh="bridge_imperial_ramp_mesh"
	count=18
	transform="3583.511719 2.706298 2428.293701 0.000000 0.719253 0.000000 -0.694749 1.055303 1.055303 1.055303
3595.208740 3.003662 2347.136963 0.000000 0.342232 0.000000 0.939615 0.704479 0.704479 0.704479
3611.999756 1.349365 2368.281250 0.000000 0.336663 0.000000 0.941625 0.707040 0.707040 0.707040
3612.177246 1.186279 2368.515625 0.000000 -0.941965 0.000000 0.335710 0.707040 0.707040 0.707040
3599.025635 1.283203 2351.958252 0.000000 -0.941965 0.000000 0.335710 0.707040 0.707040 0.707040
3845.578857 4.410156 2168.921143 0.000000 0.763986 0.000000 -0.645233 0.991823 0.991823 0.991823
3829.062988 4.034912 2165.869873 0.000000 0.633285 0.000000 0.773919 1.011907 1.011907 1.011907
3818.171143 4.589843 2214.785889 0.000000 0.836986 0.000000 -0.547224 0.979626 0.979626 0.979626
3806.315186 2.761474 2209.276855 0.000000 0.547119 0.000000 0.837055 0.972220 0.972220 0.972220
3761.936768 3.613525 2294.636963 0.000000 0.919414 0.000000 -0.393292 0.972220 0.972220 0.972220
3752.656494 1.629394 2285.668213 0.000000 0.400571 0.000000 0.916266 0.972220 0.972220 0.972220
3551.175049 0.434814 2427.431152 0.000000 0.706093 0.000000 0.708119 1.055303 1.055303 1.055303
2546.079346 2.282227 3114.785156 0.000000 0.625768 0.000000 0.780009 1.003782 1.003782 1.003782
2550.568848 4.651611 3115.937744 0.000000 -0.770587 0.000000 0.637336 1.003782 1.003782 1.003782
1771.620483 -0.184814 1627.687866 0.000000 -0.630985 0.000000 -0.775795 1.127040 1.127040 1.127040
1781.710693 -0.184814 1629.185547 0.000000 -0.771170 0.000000 0.636630 1.127040 1.127040 1.127040
3259.491943 0.644043 2105.239258 0.000000 -0.295479 0.000000 0.955349 1.000000 1.000000 1.000000
3259.110840 0.839111 2105.832764 0.000000 0.954563 0.000000 0.298011 1.000000 1.000000 1.000000
"}
object={
	name="bridge_indian"
	render_pass=Map
	clamp_to_water_level=no
	generated_content=no
	layer="building_layer"
	pdxmesh="bridge_indian_mesh"
	count=1
	transform="3690.906982 0.774170 1343.214966 0.000000 0.985068 0.000000 0.172168 1.622950 1.622950 1.622950
"}
object={
	name="bridge_medi"
	render_pass=Map
	clamp_to_water_level=no
	generated_content=no
	layer="building_layer"
	pdxmesh="bridge_mena_mesh"
	count=10
	transform="2730.067627 0.112549 2305.261230 0.000000 -0.210400 0.000000 -0.977615 1.227535 1.227535 1.227535
2713.625732 0.484131 2303.417236 0.000000 0.514031 0.000000 -0.857772 1.227535 1.227535 1.227535
2712.593262 -0.133545 2283.317139 0.000000 0.944852 0.000000 -0.327497 1.227535 1.227535 1.227535
2697.931641 0.055908 2282.150146 0.000000 0.974012 0.000000 0.226498 1.292175 1.292175 1.292175
2553.123535 0.244385 2537.895508 0.000000 0.816588 0.000000 0.577221 1.311723 1.311723 1.311723
2578.394775 -0.054932 2526.064697 0.000000 0.850614 0.000000 0.525792 1.311723 1.311723 1.311723
2616.018555 0.746582 2499.815186 0.000000 0.907528 0.000000 0.419992 1.311723 1.311723 1.311723
2814.171143 1.929199 2380.594727 0.000000 0.783930 0.000000 0.620849 1.311723 1.311723 1.311723
2826.716309 3.138916 2367.027588 0.000000 0.961352 0.000000 0.275324 1.311723 1.311723 1.311723
2716.494385 1.513916 2264.445801 0.000000 0.961352 0.000000 0.275324 1.311723 1.311723 1.311723
"}
object={
	name="bridge_western"
	render_pass=Map
	clamp_to_water_level=no
	generated_content=no
	layer="building_layer"
	pdxmesh="bridge_western_mesh"
	count=22
	transform="2212.687012 0.373047 1788.268311 0.000000 0.918487 0.000000 -0.395452 1.268149 1.268149 1.268149
2417.517090 0.373047 1514.329468 0.000000 0.980130 0.000000 -0.198357 1.268149 1.268149 1.268149
2328.650879 1.576538 1495.886597 0.000000 0.868459 0.000000 -0.495762 1.268149 1.268149 1.268149
2433.279297 1.611450 1613.065186 0.000000 0.892889 0.000000 -0.450277 1.268149 1.268149 1.268149
2114.521973 0.796997 1513.251831 0.000000 0.999800 0.000000 0.019989 1.005204 1.005204 1.005204
2251.715820 0.885742 1148.730713 0.000000 0.722891 0.000000 0.690961 1.212654 1.212654 1.212654
2119.160889 0.796997 1504.729614 0.000000 0.904099 0.000000 0.427323 1.083405 1.083405 1.083405
1643.005615 0.527832 1588.985840 0.000000 0.962811 0.000000 -0.270174 1.118471 1.118471 1.118471
1877.070068 1.976196 1555.027954 0.000000 0.872962 0.000000 0.487787 1.411683 1.411683 1.411683
1930.726562 1.432617 1600.191895 0.000000 -0.572624 0.000000 0.819818 1.268149 1.268149 1.268149
2290.822754 1.432617 1790.164307 0.000000 0.276815 0.000000 -0.960923 1.268149 1.268149 1.268149
2393.980225 1.432617 1616.559692 0.000000 0.976406 0.000000 -0.215941 1.268149 1.268149 1.268149
2366.441162 0.806885 1623.532959 0.000000 0.689260 0.000000 0.724514 1.268149 1.268149 1.268149
2247.143066 2.283936 1926.061890 0.000000 0.994763 0.000000 -0.102212 1.099036 1.099036 1.099036
2077.354736 3.386475 2995.421631 0.000000 -0.308861 0.000000 0.951107 1.000000 1.000000 1.000000
2089.387451 2.975342 2983.969727 0.000000 -0.679403 0.000000 0.733766 1.000000 1.000000 1.000000
2580.626709 1.432373 3172.409912 0.000000 -0.467248 0.000000 0.884126 1.137256 1.137256 1.137256
2624.371094 1.048828 3220.605225 0.000000 -0.419414 0.000000 0.907794 1.263672 1.263672 1.263672
2629.335938 1.271973 3201.520996 0.000000 0.221446 0.000000 0.975172 1.226232 1.226232 1.226232
2206.167725 2.171875 3172.766113 0.000000 -0.825403 0.000000 0.564543 1.431766 1.431766 1.431766
2206.012451 2.952637 3089.824951 0.000000 -0.541974 0.000000 0.840395 1.431766 1.431766 1.431766
2595.944336 0.647217 3164.346191 0.000000 -0.654184 0.000000 0.756334 1.281592 1.281592 1.281592
"}
object={
	name="cliff_dyn_basic01"
	render_pass=Map
	clamp_to_water_level=no
	generated_content=no
	layer="building_layer"
	pdxmesh="dyn_cliff_01_basic_mesh"
	count=18
	transform="3499.783691 0.000000 1772.051270 0.000000 -0.969397 0.000000 -0.245498 0.756588 0.756588 0.756588
3517.330811 0.000000 1778.358398 0.000000 -0.202517 0.000000 -0.979279 0.756588 0.756588 0.756588
3429.790039 0.000000 1772.838623 0.000000 0.068175 0.000000 -0.997674 0.527662 0.527662 0.527662
3446.601074 0.000000 1786.954224 0.000000 -0.396942 0.000000 -0.917845 0.527662 0.527662 0.527662
3514.715332 0.000000 1782.371460 0.000000 -0.714158 0.000000 -0.699986 0.953368 0.953368 0.953368
3530.562012 0.000000 1896.983154 0.000000 0.793044 0.000000 0.609164 0.797914 0.797914 0.797914
3483.801270 0.000000 1751.701050 0.000000 -0.387849 0.000000 0.921723 0.940573 0.940573 0.940573
3520.452393 0.000000 1807.286987 0.000000 0.445818 0.000000 -0.895124 1.259811 1.259811 1.259811
3521.152588 0.000000 1811.558838 0.000000 0.726464 0.000000 -0.687205 1.202766 1.202766 1.202766
3572.481689 0.000000 1796.246460 0.000000 0.221705 0.000000 -0.975114 1.388139 1.388139 1.388139
3567.076172 0.000000 1791.006836 0.000000 -0.287364 0.000000 0.957822 0.781209 0.781209 0.781209
3409.857910 0.000000 1748.448364 0.000000 0.465107 0.000000 -0.885254 0.644040 0.644040 0.644040
3389.500488 0.000000 1720.228882 0.000000 0.663704 0.000000 -0.747995 0.764539 0.764539 0.764539
5111.718262 0.000000 2865.402100 0.000000 -0.738807 0.000000 0.673917 1.000000 1.000000 1.000000
4068.118652 0.000000 3373.446289 0.000000 0.967509 0.000000 0.252836 0.823886 0.823886 0.823886
4063.444580 0.000000 3373.085693 0.000000 0.999936 0.000000 -0.011296 0.937869 0.937869 0.937869
4063.472412 0.000000 3368.684326 0.000000 0.999936 0.000000 -0.011296 1.367135 1.367135 1.367135
4045.944824 0.000000 3397.357178 0.000000 -0.513829 0.000000 0.857892 1.113278 1.113278 1.113278
"}
object={
	name="cliff_dyn_basic02"
	render_pass=Map
	clamp_to_water_level=no
	generated_content=no
	layer="building_layer"
	pdxmesh="dyn_cliff_02_basic_mesh"
	count=12
	transform="3556.406982 0.000000 1785.616821 0.000000 -0.373814 0.000000 0.927504 0.933460 0.933460 0.933460
3518.190674 0.000000 1770.104248 0.000000 0.963324 0.000000 -0.268342 0.929632 0.929632 0.929632
3573.293945 0.000000 1784.948120 0.000000 0.968047 0.000000 0.250769 0.929632 0.929632 0.929632
3559.185547 0.000000 1777.563599 0.000000 0.939404 0.000000 0.342813 0.633655 0.633655 0.633655
3607.575195 0.000000 1825.331055 0.000000 -0.703871 0.000000 -0.710328 1.056763 1.056763 1.056763
3594.855957 0.000000 1795.697021 0.000000 0.998543 0.000000 -0.053964 1.056763 1.056763 1.056763
3389.251465 0.000000 1723.867920 0.000000 0.745876 0.000000 -0.666085 0.944189 0.944189 0.944189
5114.549316 0.000000 2857.994873 0.000000 0.770231 0.000000 -0.637766 1.000000 1.000000 1.000000
4084.759033 0.000000 3381.330811 0.000000 0.814858 0.000000 0.579660 1.350684 1.350684 1.350684
4071.153320 0.000000 3369.033447 0.000000 0.992648 0.000000 0.121036 1.151025 1.151025 1.151025
4082.112793 0.000000 3377.498535 0.000000 0.956764 0.000000 0.290865 1.123934 1.123934 1.123934
4085.548584 0.000000 3387.007568 0.000000 0.511182 0.000000 0.859472 1.194849 1.194849 1.194849
"}
object={
	name="cliff_dyn_basic03"
	render_pass=Map
	clamp_to_water_level=no
	generated_content=no
	layer="building_layer"
	pdxmesh="dyn_cliff_03_basic_mesh"
	count=4
	transform="3563.351074 0.000000 1844.825317 0.000000 -0.458755 0.000000 0.888563 1.004749 1.004749 1.004749
5111.131348 0.000000 2869.111816 0.000000 0.810317 0.000000 -0.585992 0.766284 0.766284 0.766284
4049.770996 0.000000 3374.534424 0.000000 0.958065 0.000000 -0.286549 1.398169 1.398169 1.398169
4081.087158 0.000000 3389.517334 0.000000 0.674348 0.000000 0.738413 1.367277 1.367277 1.367277
"}
object={
	name="cliff_dyn_extr01"
	render_pass=Map
	clamp_to_water_level=no
	generated_content=no
	layer="building_layer"
	pdxmesh="dyn_cliff_01_extreme_mesh"
	count=11
	transform="3598.298096 0.000000 1800.064819 0.000000 0.828988 0.000000 0.559267 0.642560 0.642560 0.642560
3578.734131 0.000000 1858.102173 0.000000 -0.335871 0.000000 0.941908 1.000000 1.000000 1.000000
3403.393066 0.000000 1722.804565 0.000000 -0.939348 0.000000 -0.342965 0.753432 0.753432 0.753432
5120.131348 0.000000 2864.034912 0.000000 0.990163 0.000000 0.139916 0.720605 0.720605 0.720605
4074.123291 0.000000 3370.104492 0.000000 -0.991662 0.000000 0.128866 0.853626 0.853626 0.853626
4075.351318 0.000000 3380.024658 0.000000 -0.904756 0.000000 -0.425930 0.780274 0.780274 0.780274
4051.245361 0.000000 3393.933594 0.000000 0.551116 0.000000 -0.834429 0.908807 0.908807 0.908807
4048.225586 0.000000 3390.748535 0.000000 0.084850 0.000000 -0.996394 0.811009 0.811009 0.811009
4059.010498 0.000000 3371.750732 0.000000 0.981305 0.000000 -0.192461 0.844599 0.844599 0.844599
4048.024902 0.000000 3382.623535 0.000000 0.840459 0.000000 -0.541875 0.966416 0.966416 0.966416
4044.493408 0.000000 3379.213867 0.000000 0.823983 0.000000 -0.566614 1.066795 1.066795 1.066795
"}
object={
	name="cliff_dyn_extr02"
	render_pass=Map
	clamp_to_water_level=no
	generated_content=no
	layer="building_layer"
	pdxmesh="dyn_cliff_02_extreme_mesh"
	count=9
	transform="3482.140625 0.000000 1773.569702 0.000000 -0.287870 0.000000 -0.957670 1.021440 1.021440 1.021440
3580.564941 0.000000 1805.285034 0.000000 0.429740 0.000000 -0.902953 1.021440 1.021440 1.021440
3488.713867 0.000000 1843.986572 0.000000 0.195749 0.000000 0.980654 1.344574 1.344574 1.344574
3599.972900 0.000000 1840.290527 0.000000 0.089410 0.000000 -0.995995 0.965496 0.965496 0.965496
3560.445557 0.000000 1841.725708 0.000000 -0.394971 0.000000 0.918694 1.047571 1.047571 1.047571
3382.829834 0.000000 1736.729004 0.000000 0.764222 0.000000 -0.644954 0.832520 0.832520 0.832520
5111.924316 0.000000 2872.266357 0.000000 0.825622 0.000000 -0.564223 0.831372 0.831372 0.831372
5118.207031 0.000000 2863.592773 0.000000 0.992312 0.000000 0.123762 0.818311 0.818311 0.818311
4047.096924 0.000000 3377.471680 0.000000 0.764005 0.000000 -0.645210 0.867261 0.867261 0.867261
"}
object={
	name="cliff_dyn_spike01"
	render_pass=Map
	clamp_to_water_level=no
	generated_content=no
	layer="building_layer"
	pdxmesh="dyn_spike_01_mesh"
	count=17
	transform="3440.884277 0.000000 1757.850098 0.000000 -0.070616 0.000000 -0.997503 0.870011 0.870011 0.870011
3408.333740 0.000000 1825.691040 0.000000 -0.368965 0.000000 -0.929443 0.789990 0.789990 0.789990
3437.427002 0.000000 1779.586304 0.000000 0.183588 0.000000 -0.983003 1.159864 1.159864 1.159864
3461.867676 0.000000 1784.397217 0.000000 0.878440 0.000000 0.477852 0.987950 0.987950 0.987950
3520.535645 0.000000 1778.754517 0.000000 0.900339 0.000000 -0.435189 0.987950 0.987950 0.987950
3618.874023 0.000000 1859.006348 0.000000 0.112906 0.000000 0.993606 1.448913 1.448913 1.448913
3570.103271 0.000000 1796.447388 0.000000 -0.585352 0.000000 -0.810779 1.693782 1.693782 1.693782
3503.523438 0.000000 1851.326904 0.000000 -0.974421 0.000000 0.224731 1.558051 1.558051 1.558051
3514.084961 0.000000 1812.892944 0.000000 -0.974421 0.000000 0.224731 1.921662 1.921662 1.921662
3537.774170 0.000000 1858.448608 0.000000 -0.957598 0.000000 -0.288111 1.075516 1.075516 1.075516
3609.348389 0.000000 1816.191528 0.000000 -0.884902 0.000000 -0.465779 1.833056 1.833056 1.833056
3562.253418 0.000000 1807.433472 0.000000 -0.388690 0.000000 -0.921369 1.494778 1.494778 1.494778
3584.511230 0.000000 1816.252441 0.000000 0.825898 0.000000 -0.563820 1.381882 1.381882 1.381882
3419.838623 0.000000 1747.558594 0.000000 -0.616009 0.000000 0.787739 1.289406 1.289406 1.289406
3400.550049 0.000000 1738.954346 0.000000 0.710144 0.000000 0.704056 1.188140 1.188140 1.188140
3405.805908 0.000000 1722.188965 0.000000 -0.517934 0.000000 0.855421 0.545056 0.545056 0.545056
3373.510254 0.000000 1750.566528 0.000000 0.019866 0.000000 0.999803 1.472597 1.472597 1.472597
"}
object={
	name="cliff_dyn_wide01"
	render_pass=Map
	clamp_to_water_level=no
	generated_content=no
	layer="building_layer"
	pdxmesh="dyn_cliff_01_wide_mesh"
	count=45
	transform="3504.133057 0.000000 1773.928833 0.000000 -0.993763 0.000000 -0.111510 0.729901 0.729901 0.729901
3551.468750 0.000000 1782.266968 0.000000 0.230445 0.000000 -0.973085 1.001197 1.001197 1.001197
4107.659668 0.000000 3690.875732 -0.000000 -0.502169 0.000000 0.864770 1.510779 1.510779 1.510779
4091.860596 0.000000 3687.192139 0.000000 -0.588021 0.000000 -0.808846 1.039367 1.039367 1.039367
4096.619629 0.000000 3702.216797 0.000000 -0.954429 0.000000 -0.298439 1.706585 1.706585 1.706585
3440.235596 0.000000 1781.365601 0.000000 0.522514 0.000000 -0.852631 0.806764 0.806764 0.806764
3473.132080 0.000000 1879.698608 0.000000 0.899856 0.000000 -0.436189 0.797327 0.797327 0.797327
3474.173096 0.000000 1874.222534 0.000000 0.581943 0.000000 -0.813230 0.797327 0.797327 0.797327
3451.823486 0.000000 1784.444458 0.000000 -0.151251 0.000000 -0.988496 1.063397 1.063397 1.063397
3606.202637 0.000000 1829.444458 0.000000 -0.586687 0.000000 -0.809814 1.063397 1.063397 1.063397
3591.052490 0.000000 1843.232910 0.000000 -0.391977 0.000000 -0.919975 0.762508 0.762508 0.762508
3594.788574 0.000000 1840.729980 0.000000 -0.185903 0.000000 -0.982568 0.762508 0.762508 0.762508
3458.133301 0.000000 1783.098389 0.000000 -0.051744 0.000000 -0.998661 0.808248 0.808248 0.808248
3576.695801 0.000000 1800.582520 0.000000 0.318878 0.000000 -0.947796 1.265877 1.265877 1.265877
3607.967529 0.000000 1821.143677 0.000000 0.778903 0.000000 0.627145 0.836084 0.836084 0.836084
3582.219238 0.000000 1789.420532 0.000000 0.984080 0.000000 0.177726 0.944743 0.944743 0.944743
3487.767090 0.000000 1772.504272 -0.000000 -0.073206 0.000000 0.997317 0.816546 0.816546 0.816546
3539.414307 0.000000 1817.477905 0.000000 -0.933208 0.000000 -0.359337 1.256086 1.256086 1.256086
3562.672852 0.000000 1780.285767 0.000000 -0.981951 0.000000 -0.189135 0.905247 0.905247 0.905247
3557.783203 0.000000 1770.069824 0.000000 -0.119768 0.000000 0.992802 0.908826 0.908826 0.908826
3493.971436 0.000000 1781.776367 0.000000 0.941485 0.000000 -0.337053 0.950162 0.950162 0.950162
3488.308350 0.000000 1784.250854 0.000000 0.995205 0.000000 -0.097809 0.950162 0.950162 0.950162
3539.197998 0.000000 1777.685791 0.000000 0.036635 0.000000 -0.999328 0.714421 0.714421 0.714421
3528.731201 0.000000 1767.984375 0.000000 0.993812 0.000000 -0.111072 1.072656 1.072656 1.072656
3551.883301 0.000000 1838.089844 0.000000 -0.126340 0.000000 0.991987 0.971472 0.971472 0.971472
3566.187988 0.000000 1846.059204 0.000000 -0.255527 0.000000 0.966802 0.919446 0.919446 0.919446
3546.648193 0.000000 1834.958130 0.000000 -0.400571 0.000000 0.916266 1.000000 1.000000 1.000000
3440.069336 0.000000 1770.553467 0.000000 -0.995605 0.000000 -0.093648 0.564850 0.564850 0.564850
3442.404541 0.000000 1772.453491 0.000000 -0.838036 0.000000 -0.545615 0.564850 0.564850 0.564850
3437.018066 0.000000 1767.803223 0.000000 -0.769783 0.000000 -0.638306 0.579417 0.579417 0.579417
3425.554443 0.000000 1756.382812 0.000000 -0.871603 0.000000 -0.490213 0.762354 0.762354 0.762354
3389.778809 0.000000 1727.962402 0.000000 0.529676 0.000000 -0.848200 0.866522 0.866522 0.866522
3388.349854 0.000000 1715.161255 0.000000 0.630843 0.000000 -0.775911 0.842630 0.842630 0.842630
3381.616211 0.000000 1701.922241 0.000000 0.372192 0.000000 -0.928156 1.030716 1.030716 1.030716
3386.013916 0.000000 1707.944946 0.000000 0.496439 0.000000 -0.868072 1.030716 1.030716 1.030716
3409.448730 0.000000 1729.013428 0.000000 -0.804175 0.000000 -0.594392 0.800802 0.800802 0.800802
3412.191650 0.000000 1734.489990 0.000000 -0.891123 0.000000 -0.453762 0.650179 0.650179 0.650179
3396.303223 0.000000 1714.808716 0.000000 -0.878908 0.000000 -0.476990 0.706641 0.706641 0.706641
3390.611084 0.000000 1705.513672 0.000000 -0.818358 0.000000 -0.574709 0.705554 0.705554 0.705554
3393.166748 0.000000 1710.486694 0.000000 -0.888267 0.000000 -0.459328 0.746973 0.746973 0.746973
5122.121582 0.000000 2865.523438 0.000000 0.820392 0.000000 0.571801 0.749780 0.749780 0.749780
4042.183350 0.000000 3393.355225 0.000000 0.488418 0.000000 -0.872610 0.820654 0.820654 0.820654
4051.894531 0.000000 3378.789062 0.000000 0.899548 0.000000 -0.436820 0.778192 0.778192 0.778192
4077.867920 0.000000 3385.930908 0.000000 0.851318 0.000000 0.524649 0.703084 0.703084 0.703084
4058.074951 0.000000 3368.354980 0.000000 0.985181 0.000000 -0.171515 0.941491 0.941491 0.941491
"}
object={
	name="cliff_dyn_wide02"
	render_pass=Map
	clamp_to_water_level=no
	generated_content=no
	layer="building_layer"
	pdxmesh="dyn_cliff_02_wide_mesh"
	count=35
	transform="3527.252686 0.000000 1815.080322 0.000000 -0.308368 0.000000 0.951267 1.114299 1.114299 1.114299
3561.918213 0.000000 1788.863892 0.000000 -0.308368 0.000000 0.951267 1.114299 1.114299 1.114299
3493.923584 0.000000 1775.291382 0.000000 0.364190 0.000000 -0.931325 0.741936 0.741936 0.741936
3416.920898 0.000000 1760.859741 0.000000 0.359609 0.000000 -0.933103 0.673791 0.673791 0.673791
3413.887207 0.000000 1756.877686 0.000000 0.550351 0.000000 -0.834933 0.748961 0.748961 0.748961
3421.546387 0.000000 1772.720459 0.000000 0.755832 0.000000 -0.654766 0.808088 0.808088 0.808088
3533.823486 0.000000 1775.272705 0.000000 0.281913 0.000000 -0.959440 0.945178 0.945178 0.945178
3447.848633 0.000000 1776.313232 0.000000 0.998162 0.000000 0.060596 1.068567 1.068567 1.068567
3551.418701 0.000000 1770.890625 0.000000 0.982114 0.000000 0.188287 1.000000 1.000000 1.000000
3475.412354 0.000000 1784.238892 0.000000 0.077885 0.000000 -0.996963 0.837098 0.837098 0.837098
3481.044678 0.000000 1785.651001 0.000000 0.192867 0.000000 -0.981225 0.839526 0.839526 0.839526
3356.877930 0.000000 1884.999756 0.000000 0.536493 0.000000 -0.843905 1.090324 1.090324 1.090324
3358.544189 0.000000 1891.402222 0.000000 0.652122 0.000000 -0.758115 0.850418 0.850418 0.850418
3435.047607 0.000000 1775.482544 0.000000 0.299783 0.000000 -0.954008 1.031100 1.031100 1.031100
3403.058594 0.000000 1926.278442 0.000000 -0.505224 0.000000 -0.862989 1.128896 1.128896 1.128896
3399.438232 0.000000 1935.296143 0.000000 -0.651973 0.000000 -0.758243 1.498148 1.498148 1.498148
3505.062256 0.000000 1787.906616 0.000000 0.248844 0.000000 -0.968544 1.498148 1.498148 1.498148
3487.053955 0.000000 1769.347900 0.000000 0.999718 0.000000 0.023767 0.680255 0.680255 0.680255
3482.711670 0.000000 1770.705200 0.000000 0.967453 0.000000 -0.253052 0.704028 0.704028 0.704028
3544.268311 0.000000 1769.422852 0.000000 0.998859 0.000000 0.047768 1.304163 1.304163 1.304163
3588.048584 0.000000 1793.259155 0.000000 0.962279 0.000000 0.272065 1.186877 1.186877 1.186877
3553.711182 0.000000 1827.638306 0.000000 0.928642 0.000000 0.370978 1.569310 1.569310 1.569310
3604.796631 0.000000 1811.583862 0.000000 0.908805 0.000000 0.417221 1.230725 1.230725 1.230725
3573.915283 0.000000 1852.953125 0.000000 0.422286 0.000000 -0.906463 0.873242 0.873242 0.873242
3543.104736 0.000000 1829.474487 0.000000 0.586871 0.000000 -0.809681 1.000000 1.000000 1.000000
3396.248047 0.000000 1739.393188 0.000000 0.230008 0.000000 0.973189 0.786844 0.786844 0.786844
3416.683594 0.000000 1743.626831 0.000000 0.780527 0.000000 0.625123 0.818532 0.818532 0.818532
3434.271729 0.000000 1764.881104 0.000000 0.959593 0.000000 0.281391 0.792387 0.792387 0.792387
3429.668701 0.000000 1761.747314 0.000000 0.936376 0.000000 0.350999 0.900459 0.900459 0.900459
3421.795166 0.000000 1751.983032 0.000000 0.936376 0.000000 0.350999 0.900459 0.900459 0.900459
3411.876709 0.000000 1752.233765 0.000000 0.562346 0.000000 -0.826902 0.683407 0.683407 0.683407
3408.445068 0.000000 1744.666748 0.000000 0.622854 0.000000 -0.782338 0.766809 0.766809 0.766809
3400.839844 0.000000 1719.522461 0.000000 -0.910058 0.000000 -0.414481 0.646197 0.646197 0.646197
3407.347900 0.000000 1725.003662 0.000000 -0.941773 0.000000 -0.336248 0.775206 0.775206 0.775206
5120.052246 0.000000 2857.704834 0.000000 0.440519 0.000000 0.897743 0.891870 0.891870 0.891870
"}
object={
	name="crystal_like_law"
	render_pass=Map
	clamp_to_water_level=no
	generated_content=no
	layer="building_layer"
	entity="building_special_crystal_like_law_entity"
	count=1
	transform="1862.862305 1.194825 1714.652832 0.000000 0.000000 0.000000 1.000000 1.157568 1.157568 1.157568
"}
object={
	name="dwemer_gate"
	render_pass=Map
	clamp_to_water_level=no
	generated_content=no
	layer="special_sprawl_layer"
	pdxmesh="skyrim_markarth_entrance_mesh"
	count=1
	transform="2830.250244 0.756104 3266.301758 0.000000 0.998062 0.000000 0.062242 1.456788 1.456788 1.456788
"}
object={
	name="dwemer_house_01"
	render_pass=Map
	clamp_to_water_level=no
	generated_content=no
	layer="special_sprawl_layer"
	pdxmesh="skyrim_markarth_house_01_mesh"
	count=6
	transform="2798.944824 -0.700439 3266.253906 0.000000 0.439618 0.000000 -0.898185 1.727267 1.727267 1.727267
2814.671875 -0.317871 3254.660400 0.000000 0.996820 0.000000 -0.079680 1.565101 1.565101 1.565101
2816.521240 -0.225586 3272.261475 0.000000 -0.433806 0.000000 0.901006 1.565101 1.565101 1.565101
2811.919678 0.000000 3268.454590 0.000000 0.593399 0.000000 -0.804908 1.570375 1.570375 1.570375
2806.891602 -0.256104 3256.198242 0.000000 0.964703 0.000000 -0.263341 1.771435 1.771435 1.771435
2806.524170 -0.317871 3274.268555 0.000000 -0.330202 0.000000 0.943910 1.712353 1.712353 1.712353
"}
object={
	name="dwemer_house_02"
	render_pass=Map
	clamp_to_water_level=no
	generated_content=no
	layer="special_sprawl_layer"
	pdxmesh="skyrim_markarth_house_02_mesh"
	count=2
	transform="2799.309082 -0.348877 3256.574707 0.000000 -0.393833 0.000000 0.919182 1.391113 1.391113 1.391113
2810.189697 -0.100098 3263.821777 0.000000 0.355457 0.000000 0.934693 1.391113 1.391113 1.391113
"}
object={
	name="dwemer_house_03"
	render_pass=Map
	clamp_to_water_level=no
	generated_content=no
	layer="special_sprawl_layer"
	pdxmesh="skyrim_markarth_house_03_mesh"
	count=5
	transform="2825.595703 -0.281738 3268.835205 0.000000 0.998847 0.000000 0.048012 2.218292 2.218292 2.218292
2800.995117 0.000000 3271.275879 0.000000 0.891929 0.000000 0.452176 2.136119 2.136119 2.136119
2812.058594 -0.682617 3266.436523 0.000000 0.827620 0.000000 0.561289 1.893224 1.893224 1.893224
2811.191650 0.000000 3266.469238 0.000000 0.917522 0.000000 0.397685 2.013721 2.013721 2.013721
2920.950439 -0.303955 3195.178223 0.000000 0.186193 0.000000 0.982513 1.635570 1.635570 1.635570
"}
object={
	name="dwemer_house_04"
	render_pass=Map
	clamp_to_water_level=no
	generated_content=no
	layer="special_sprawl_layer"
	pdxmesh="skyrim_markarth_house_04_mesh"
	count=4
	transform="2789.592041 -0.539795 3268.289795 0.000000 -0.727964 0.000000 -0.685616 2.010837 2.010837 2.010837
2801.018799 -0.539795 3253.254150 0.000000 -0.727964 0.000000 -0.685616 1.782845 1.782845 1.782845
2787.007812 -0.755371 3263.679199 0.000000 -0.939376 0.000000 -0.342891 1.782845 1.782845 1.782845
2813.887451 -0.410156 3269.812988 0.000000 0.897395 0.000000 0.441227 1.782845 1.782845 1.782845
"}
object={
	name="dwemer_temple"
	render_pass=Map
	clamp_to_water_level=no
	generated_content=no
	layer="special_sprawl_layer"
	pdxmesh="skyrim_markarth_temple_mesh"
	count=1
	transform="2805.396973 -0.598877 3266.038574 0.000000 0.115819 0.000000 -0.993270 1.000000 1.000000 1.000000
"}
object={
	name="dwemer_walls"
	render_pass=Map
	clamp_to_water_level=no
	generated_content=no
	layer="special_sprawl_layer"
	pdxmesh="skyrim_markarth_wall_mesh"
	count=1
	transform="2830.065918 0.512452 3255.274414 0.000000 0.995013 0.000000 -0.099753 1.917778 1.917778 1.917778
"}
object={
	name="eldern_root"
	render_pass=Map
	clamp_to_water_level=no
	generated_content=no
	layer="building_layer"
	pdxmesh="tree_graht_01_c_mesh"
	count=2
	transform="3211.359131 0.000000 1479.504150 0.000000 0.000000 0.000000 1.000000 0.965131 0.965131 0.965131
3135.622803 0.000000 1968.611206 0.000000 0.000000 0.000000 1.000000 0.818217 0.818217 0.818217
"}
object={
	name="imperial_city_houses_01"
	render_pass=Map
	clamp_to_water_level=no
	generated_content=no
	layer="building_layer"
	pdxmesh="imperial_city_houses_01_mesh"
	count=13
	transform="3619.266113 0.000000 2427.491699 0.000000 0.707943 0.000000 -0.706269 0.971484 0.971484 0.971484
3627.934082 0.000000 2421.917969 0.000000 0.150989 0.000000 0.988535 1.101294 1.101294 1.101294
3645.842285 0.000000 2449.812500 0.000000 0.992436 0.000000 0.122762 1.000000 1.000000 1.000000
3670.298096 0.000000 2451.729248 0.000000 0.362785 0.000000 -0.931872 0.862622 0.862622 0.862622
3646.255127 0.000000 2400.591797 0.000000 0.996430 0.000000 0.084428 1.009664 1.009664 1.009664
3633.457764 0.000000 2418.317383 -0.000000 -0.857566 0.000000 0.514375 1.009664 1.009664 1.009664
3677.432617 0.000000 2423.712402 0.000000 -0.256197 0.000000 -0.966625 1.009664 1.009664 1.009664
3666.788818 0.000000 2425.148193 0.000000 -0.888967 0.000000 -0.457972 1.009664 1.009664 1.009664
3650.425537 0.000000 2449.427246 0.000000 -0.997195 0.000000 0.074846 0.862622 0.862622 0.862622
3660.624023 0.000000 2457.558105 0.000000 0.309529 0.000000 0.950890 0.862622 0.862622 0.862622
3640.377197 0.000000 2459.443359 0.000000 -0.659018 0.000000 0.752127 1.000000 1.000000 1.000000
3630.798096 0.000000 2452.633545 0.000000 0.452806 0.000000 0.891609 1.000000 1.000000 1.000000
3630.690430 0.000000 2435.991943 0.000000 0.209765 0.000000 0.977751 1.000000 1.000000 1.000000
"}
object={
	name="imperial_city_houses_02"
	render_pass=Map
	clamp_to_water_level=no
	generated_content=no
	layer="building_layer"
	pdxmesh="imperial_city_houses_02_mesh"
	count=8
	transform="3627.860352 0.000000 2438.299805 0.000000 -0.905246 0.000000 0.424888 1.000000 1.000000 1.000000
3631.001709 0.000000 2425.226318 0.000000 0.112545 0.000000 -0.993647 1.000000 1.000000 1.000000
3673.242920 0.000000 2448.465576 0.000000 0.980319 0.000000 0.197421 0.781724 0.781724 0.781724
3661.051025 0.000000 2447.219482 0.000000 0.724889 0.000000 -0.688865 0.781724 0.781724 0.781724
3651.757812 0.000000 2451.593750 0.000000 0.794165 0.000000 0.607702 0.781724 0.781724 0.781724
3640.689941 0.000000 2448.393066 0.000000 -0.274095 0.000000 0.961703 0.963135 0.963135 0.963135
3624.299072 0.000000 2448.415283 0.000000 0.233036 0.000000 0.972468 1.000000 1.000000 1.000000
3618.239990 0.000000 2433.329346 0.000000 0.136565 0.000000 0.990631 1.000000 1.000000 1.000000
"}
object={
	name="imperial_city_houses_03"
	render_pass=Map
	clamp_to_water_level=no
	generated_content=no
	layer="building_layer"
	pdxmesh="imperial_city_houses_03_mesh"
	count=32
	transform="3630.260742 0.000000 2432.057617 0.000000 0.721749 0.000000 -0.692154 1.015455 1.015455 1.015455
3618.480469 0.000000 2424.568359 0.000000 0.743187 0.000000 -0.669084 0.989436 0.989436 0.989436
3626.300293 0.000000 2434.137939 0.000000 0.950683 0.000000 0.310163 1.131605 1.131605 1.131605
3619.554932 0.000000 2440.697510 0.000000 0.985972 0.000000 -0.166914 1.155298 1.155298 1.155298
3626.361816 0.000000 2425.725830 0.000000 0.441313 0.000000 0.897353 1.000000 1.000000 1.000000
3630.685547 0.000000 2455.932617 0.000000 0.879417 0.000000 -0.476052 0.816697 0.816697 0.816697
3653.698730 0.000000 2458.587158 0.000000 0.183242 0.000000 0.983068 0.928912 0.928912 0.928912
3670.464111 0.000000 2445.926270 0.000000 -0.685568 0.000000 0.728009 0.928912 0.928912 0.928912
3666.309570 0.000000 2455.956787 0.000000 -0.469093 0.000000 0.883149 0.928912 0.928912 0.928912
3663.911133 0.000000 2445.403320 0.000000 -0.390492 0.000000 0.920606 0.928912 0.928912 0.928912
3641.508301 0.000000 2403.830078 0.000000 -0.719214 0.000000 -0.694789 1.210282 1.210282 1.210282
3646.545410 0.000000 2408.398193 0.000000 -0.033010 0.000000 -0.999455 1.210282 1.210282 1.210282
3635.798340 0.000000 2402.548828 0.000000 -0.187869 0.000000 -0.982194 1.002373 1.002373 1.002373
3631.451904 0.000000 2405.159668 0.000000 0.991408 0.000000 -0.130811 1.002373 1.002373 1.002373
3680.306152 0.000000 2362.960205 0.000000 0.794658 0.000000 0.607057 0.942723 0.942723 0.942723
3630.019287 0.000000 2416.473633 0.000000 0.948952 0.000000 0.315421 1.274355 1.274355 1.274355
3671.996094 0.000000 2442.221436 0.000000 0.967483 0.000000 0.252937 0.759304 0.759304 0.759304
3664.814209 0.000000 2422.259033 0.000000 0.836131 0.000000 0.548530 0.905761 0.905761 0.905761
3660.494629 0.000000 2443.864746 0.000000 0.950741 0.000000 -0.309985 0.784328 0.784328 0.784328
3668.057617 0.000000 2453.643066 0.000000 0.608398 0.000000 0.793632 0.784328 0.784328 0.784328
3655.082764 0.000000 2460.918457 0.000000 0.777822 0.000000 0.628485 0.784328 0.784328 0.784328
3652.142578 0.000000 2456.740967 0.000000 -0.041139 0.000000 0.999153 0.658808 0.658808 0.658808
3652.581055 0.000000 2460.854248 0.000000 0.484415 0.000000 0.874838 0.799714 0.799714 0.799714
3666.277344 0.000000 2451.319824 0.000000 -0.926216 0.000000 0.376994 1.052115 1.052115 1.052115
3657.772217 0.000000 2459.541260 0.000000 -0.837563 0.000000 -0.546341 1.052115 1.052115 1.052115
3659.052979 0.000000 2445.141357 0.000000 -0.258278 0.000000 -0.966071 0.928912 0.928912 0.928912
3677.284912 0.000000 2419.002930 0.000000 -0.275366 0.000000 -0.961340 1.103287 1.103287 1.103287
3654.870850 0.000000 2448.042480 0.000000 0.959143 0.000000 -0.282922 0.928912 0.928912 0.928912
3655.545654 0.000000 2450.446289 0.000000 0.824057 0.000000 0.566506 0.928912 0.928912 0.928912
3645.229492 0.000000 2456.926758 0.000000 0.678305 0.000000 0.734781 1.110860 1.110860 1.110860
3626.338379 0.000000 2451.247559 0.000000 0.927836 0.000000 0.372989 1.197705 1.197705 1.197705
3619.117188 0.000000 2437.255615 0.000000 0.798797 0.000000 0.601601 1.000000 1.000000 1.000000
"}
object={
	name="imperial_city_houses_04"
	render_pass=Map
	clamp_to_water_level=no
	generated_content=no
	layer="building_layer"
	pdxmesh="imperial_city_houses_04_mesh"
	count=10
	transform="3620.181885 0.000000 2419.013428 0.000000 -0.277205 0.000000 0.960811 1.208032 1.208032 1.208032
3649.938232 0.000000 2459.552979 0.000000 -0.999630 0.000000 0.027201 0.896459 0.896459 0.896459
3625.463379 0.000000 2410.656250 0.000000 -0.340822 0.000000 0.940128 1.156220 1.156220 1.156220
3642.454346 0.000000 2410.359619 0.000000 -0.976305 0.000000 -0.216401 1.015389 1.015389 1.015389
3676.731934 0.000000 2442.179688 0.000000 -0.976305 0.000000 -0.216401 1.015389 1.015389 1.015389
3669.275391 0.000000 2448.530518 0.000000 -0.824788 0.000000 -0.565442 0.896459 0.896459 0.896459
3664.248291 0.000000 2441.987061 0.000000 0.828607 0.000000 -0.559831 0.896459 0.896459 0.896459
3656.459717 0.000000 2455.599609 0.000000 0.830129 0.000000 0.557571 0.958545 0.958545 0.958545
3632.678955 0.000000 2445.217529 0.000000 0.455090 0.000000 0.890445 1.000000 1.000000 1.000000
3622.697510 0.000000 2439.724365 0.000000 0.172293 0.000000 0.985046 1.000000 1.000000 1.000000
"}
object={
	name="imperial_city_houses_05"
	render_pass=Map
	clamp_to_water_level=no
	generated_content=no
	layer="building_layer"
	pdxmesh="imperial_city_houses_05_mesh"
	count=15
	transform="3629.446777 0.000000 2428.412598 0.000000 0.713723 0.000000 0.700428 1.057157 1.057157 1.057157
3635.468750 0.000000 2456.833252 0.000000 -0.344938 0.000000 0.938625 1.189158 1.189158 1.189158
3664.447754 0.000000 2453.559082 0.000000 0.221714 0.000000 0.975112 0.945750 0.945750 0.945750
3662.904053 0.000000 2444.081299 0.000000 -0.464304 0.000000 0.885676 0.945750 0.945750 0.945750
3686.903809 0.000000 2369.036865 0.000000 0.989728 0.000000 0.142967 1.039161 1.039161 1.039161
3684.948730 0.000000 2493.906494 0.000000 0.127551 0.000000 0.991832 1.039161 1.039161 1.039161
3678.787598 0.000000 2436.355713 0.000000 0.992854 0.000000 0.119339 1.039161 1.039161 1.039161
3643.217529 0.000000 2413.556885 0.000000 0.845161 0.000000 0.534512 1.001444 1.001444 1.001444
3668.656982 0.000000 2421.748535 0.000000 0.256913 0.000000 0.966435 0.859220 0.859220 0.859220
3653.118896 0.000000 2448.751953 0.000000 0.256913 0.000000 0.966435 0.859220 0.859220 0.859220
3656.718506 0.000000 2457.919678 0.000000 0.811002 0.000000 0.585044 0.859220 0.859220 0.859220
3635.392822 0.000000 2442.611084 0.000000 0.375144 0.000000 0.926966 1.341631 1.341631 1.341631
3622.671143 0.000000 2422.192871 0.000000 -0.124977 0.000000 0.992160 1.341631 1.341631 1.341631
3621.470459 0.000000 2443.889648 0.000000 0.735529 0.000000 0.677494 1.000000 1.000000 1.000000
3621.339355 0.000000 2433.977783 0.000000 0.000000 0.000000 1.000000 1.000000 1.000000 1.000000
"}
object={
	name="imperial_city_houses_06"
	render_pass=Map
	clamp_to_water_level=no
	generated_content=no
	layer="building_layer"
	pdxmesh="imperial_city_houses_06_mesh"
	count=12
	transform="3675.022461 0.000000 2417.322021 0.000000 0.957154 0.000000 0.289580 1.213120 1.213120 1.213120
3646.281738 0.000000 2460.615479 0.000000 -0.900058 0.000000 0.435769 1.052987 1.052987 1.052987
3668.589600 0.000000 2447.072266 0.000000 -0.900058 0.000000 0.435769 0.829956 0.829956 0.829956
3643.248535 0.000000 2399.380859 0.000000 -0.945615 0.000000 -0.325288 0.732187 0.732187 0.732187
3637.248535 0.000000 2414.975098 0.000000 -0.620860 0.000000 -0.783921 1.580627 1.580627 1.580627
3625.404297 0.000000 2415.096436 0.000000 0.697566 0.000000 -0.716521 1.183055 1.183055 1.183055
3639.452393 0.000000 2401.100830 0.000000 0.294129 0.000000 -0.955765 1.579841 1.579841 1.579841
3629.820068 0.000000 2410.281250 0.000000 0.024037 0.000000 -0.999711 1.198535 1.198535 1.198535
3646.303223 0.000000 2412.460938 0.000000 0.905423 0.000000 -0.424509 1.198535 1.198535 1.198535
3677.147461 0.000000 2365.517822 0.000000 -0.995991 0.000000 0.089445 1.319482 1.319482 1.319482
3690.726562 0.000000 2487.988770 0.000000 -0.981645 0.000000 0.190715 1.119994 1.119994 1.119994
3674.535156 0.000000 2425.119873 0.000000 -0.900058 0.000000 0.435769 1.000000 1.000000 1.000000
"}
object={
	name="imperial_city_tower"
	render_pass=Map
	clamp_to_water_level=no
	generated_content=no
	layer="building_layer"
	pdxmesh="building_special_imperial_tower_mesh"
	count=1
	transform="3605.269775 0.151855 2360.011475 0.000000 0.000000 0.000000 1.000000 9.814047 9.814047 9.814047
"}
object={
	name="imperial_isle_fort"
	render_pass=Map
	clamp_to_water_level=no
	generated_content=no
	layer="building_layer"
	pdxmesh="building_special_imperial_fort_mesh"
	count=1
	transform="3689.700684 0.000000 2491.937256 0.000000 -0.715772 0.000000 0.698334 8.328208 8.328208 8.328208
"}
object={
	name="molag_mar"
	render_pass=Map
	clamp_to_water_level=no
	generated_content=no
	layer="building_layer"
	pdxmesh="building_molag_mar_mesh"
	count=1
	transform="4709.156738 -2.130371 2876.045410 0.000000 0.000000 0.000000 1.000000 1.163379 1.163379 1.163379
"}
object={
	name="root_graht_a"
	render_pass=Map
	clamp_to_water_level=no
	generated_content=no
	layer="building_layer"
	pdxmesh="root_graht_a_mesh"
	count=2
	transform="3114.557861 0.000000 1421.654663 0.000000 0.905388 0.000000 0.424584 0.861248 0.861248 0.861248
3146.379395 0.000000 1389.526367 0.000000 0.889376 0.000000 0.457177 0.717437 0.717437 0.717437
"}
object={
	name="root_graht_b"
	render_pass=Map
	clamp_to_water_level=no
	generated_content=no
	layer="building_layer"
	pdxmesh="root_graht_b_mesh"
	count=1
	transform="3080.859863 -0.049072 1434.239136 0.000000 0.396877 0.000000 0.917872 1.000000 1.000000 1.000000
"}
object={
	name="scafolding_a"
	render_pass=Map
	clamp_to_water_level=no
	generated_content=no
	layer="building_layer"
	pdxmesh="scaffolding_a_mesh"
	count=0
}
object={
	name="sprawl_mournhold_almalexia_wall"
	render_pass=Map
	clamp_to_water_level=no
	generated_content=no
	layer="special_sprawl_layer"
	pdxmesh="sprawl_mournhold_almalexia_walls_mesh"
	count=1
	transform="4626.509766 0.345459 2340.038330 0.000000 0.000000 0.000000 1.000000 1.000000 1.000000 1.000000
"}
object={
	name="sprawl_mournhold_dock"
	render_pass=Map
	clamp_to_water_level=no
	generated_content=no
	layer="special_sprawl_layer"
	pdxmesh="sprawl_mournhold_dock_mesh"
	count=3
	transform="4650.770508 0.440186 2349.551270 0.000000 0.763971 0.000000 0.645250 0.502316 0.502316 0.502316
4650.473633 0.488525 2348.002686 0.000000 0.809463 0.000000 0.587171 0.502316 0.502316 0.502316
4649.986816 0.519531 2346.582031 0.000000 0.782279 0.000000 0.622929 0.502316 0.502316 0.502316
"}
object={
	name="sprawl_mournhold_house1"
	render_pass=Map
	clamp_to_water_level=no
	generated_content=no
	layer="special_sprawl_layer"
	pdxmesh="sprawl_mournhold_house1_mesh"
	count=6
	transform="4638.784180 0.718750 2335.600342 0.000000 0.780184 0.000000 0.625552 1.046631 1.046631 1.046631
4648.762207 0.231934 2338.044922 0.000000 0.429362 0.000000 0.903133 1.046631 1.046631 1.046631
4638.270996 0.231934 2341.948486 0.000000 -0.446701 0.000000 0.894684 1.046631 1.046631 1.046631
4653.991699 0.231934 2341.671387 0.000000 0.335583 0.000000 0.942012 1.366860 1.366860 1.366860
4644.509766 0.231934 2343.938965 0.000000 -0.520751 0.000000 0.853710 1.156103 1.156103 1.156103
4635.797363 0.231934 2346.041016 0.000000 -0.596130 0.000000 0.802889 1.000000 1.000000 1.000000
"}
object={
	name="sprawl_mournhold_house2"
	render_pass=Map
	clamp_to_water_level=no
	generated_content=no
	layer="special_sprawl_layer"
	pdxmesh="sprawl_mournhold_house2_mesh"
	count=11
	transform="4647.452637 0.000000 2348.652588 0.000000 -0.572705 0.000000 0.819762 1.041190 1.041190 1.041190
4637.704102 0.000000 2343.274170 0.000000 0.858850 0.000000 0.512227 0.931860 0.931860 0.931860
4639.506348 0.000000 2337.612061 0.000000 0.885961 0.000000 0.463760 1.000000 1.000000 1.000000
4637.267090 0.000000 2334.413086 0.000000 0.672831 0.000000 -0.739797 0.956030 0.956030 0.956030
4639.229004 0.000000 2347.918945 0.000000 0.771714 0.000000 0.635971 0.956030 0.956030 0.956030
4640.174805 0.000000 2335.661377 0.000000 -0.691049 0.000000 0.722808 0.901538 0.901538 0.901538
4642.727051 0.000000 2341.693604 0.000000 0.350661 0.000000 0.936503 0.954495 0.954495 0.954495
4649.288574 0.111816 2334.800537 0.000000 -0.699086 0.000000 -0.715038 1.002362 1.002362 1.002362
4629.186523 0.111816 2356.056396 0.000000 -0.766923 0.000000 -0.641739 1.059419 1.059419 1.059419
4647.402344 0.437988 2343.593750 0.000000 0.852342 0.000000 0.522985 0.947484 0.947484 0.947484
4639.528320 0.000000 2343.878662 0.000000 -0.561394 0.000000 0.827549 0.901538 0.901538 0.901538
"}
object={
	name="sprawl_mournhold_house3"
	render_pass=Map
	clamp_to_water_level=no
	generated_content=no
	layer="special_sprawl_layer"
	pdxmesh="sprawl_mournhold_house3_mesh"
	count=14
	transform="4646.391602 0.173340 2346.988525 0.000000 -0.585592 0.000000 0.810606 0.960547 0.960547 0.960547
4638.900879 0.173340 2333.874023 0.000000 0.708273 0.000000 0.705939 1.236024 1.236024 1.236024
4636.204590 0.173340 2348.189453 0.000000 -0.523769 0.000000 0.851860 1.236024 1.236024 1.236024
4652.534668 0.173340 2337.851074 0.000000 -0.616808 0.000000 -0.787113 0.895893 0.895893 0.895893
4638.758789 0.173340 2345.484131 0.000000 -0.744911 0.000000 -0.667163 0.895893 0.895893 0.895893
4642.553711 0.173340 2343.611816 0.000000 -0.696856 0.000000 -0.717210 0.895893 0.895893 0.895893
4635.707031 0.173340 2334.957031 0.000000 0.704724 0.000000 -0.709481 0.895893 0.895893 0.895893
4647.573730 0.173340 2333.807373 0.000000 0.693515 0.000000 0.720441 0.895893 0.895893 0.895893
4635.312988 0.173340 2344.328857 0.000000 -0.551454 0.000000 0.834205 0.975241 0.975241 0.975241
4640.333008 0.173340 2333.628906 0.000000 -0.602481 0.000000 0.798133 1.031181 1.031181 1.031181
4644.084961 0.173340 2335.267578 0.000000 0.683735 0.000000 0.729730 0.886484 0.886484 0.886484
4644.165527 0.173340 2337.982910 0.000000 0.768520 0.000000 0.639825 0.939418 0.939418 0.939418
4628.583008 0.173340 2358.850586 0.000000 0.698948 0.000000 0.715172 0.960547 0.960547 0.960547
4637.313477 0.173340 2340.413574 0.000000 -0.454383 0.000000 0.890806 0.960547 0.960547 0.960547
"}
object={
	name="sprawl_mournhold_house4"
	render_pass=Map
	clamp_to_water_level=no
	generated_content=no
	layer="special_sprawl_layer"
	pdxmesh="sprawl_mournhold_house4_mesh"
	count=6
	transform="4637.762207 0.000000 2349.636475 0.000000 0.139489 0.000000 -0.990224 1.119019 1.119019 1.119019
4649.725586 0.337891 2351.572266 0.000000 -0.073125 0.000000 -0.997323 1.078003 1.078003 1.078003
4635.480957 0.000000 2337.047607 0.000000 0.679307 0.000000 -0.733855 1.000000 1.000000 1.000000
4650.548828 0.000000 2339.246582 0.000000 -0.935756 0.000000 -0.352648 1.000000 1.000000 1.000000
4641.074219 0.000000 2345.915039 0.000000 0.171863 0.000000 -0.985121 1.000000 1.000000 1.000000
4641.410156 0.000000 2336.653076 0.000000 0.681588 0.000000 -0.731737 1.000000 1.000000 1.000000
"}
object={
	name="sprawl_mournhold_house5"
	render_pass=Map
	clamp_to_water_level=no
	generated_content=no
	layer="special_sprawl_layer"
	pdxmesh="sprawl_mournhold_house5_mesh"
	count=10
	transform="4647.792969 0.110352 2351.129639 0.000000 -0.578794 0.000000 0.815474 1.227731 1.227731 1.227731
4644.131836 0.574219 2336.540283 0.000000 0.743029 0.000000 0.669258 1.015567 1.015567 1.015567
4646.465332 0.574219 2341.828125 0.000000 0.884627 0.000000 0.466299 1.195850 1.195850 1.195850
4641.474121 0.110352 2338.673096 0.000000 -0.646977 0.000000 0.762509 1.195850 1.195850 1.195850
4652.003418 0.110352 2340.160645 0.000000 -0.846150 0.000000 -0.532945 1.247599 1.247599 1.247599
4650.754395 0.110352 2332.433594 0.000000 -0.575047 0.000000 -0.818120 1.247599 1.247599 1.247599
4648.129395 0.110352 2332.533691 0.000000 -0.714401 0.000000 -0.699737 1.247599 1.247599 1.247599
4641.535645 0.110352 2335.136963 0.000000 -0.718707 0.000000 0.695313 1.000000 1.000000 1.000000
4653.883301 0.110352 2339.141602 0.000000 0.673243 0.000000 0.739421 1.424073 1.424073 1.424073
4643.712891 0.110352 2342.529297 0.000000 -0.549110 0.000000 0.835750 1.000000 1.000000 1.000000
"}
object={
	name="sprawl_mournhold_house6"
	render_pass=Map
	clamp_to_water_level=no
	generated_content=no
	layer="special_sprawl_layer"
	pdxmesh="sprawl_mournhold_house6_mesh"
	count=12
	transform="4652.924316 0.370362 2333.937500 0.000000 -0.824712 0.000000 -0.565553 1.198221 1.198221 1.198221
4645.615723 0.370362 2348.578125 0.000000 0.542746 0.000000 -0.839896 1.326714 1.326714 1.326714
4624.317871 0.117188 2359.598633 0.000000 0.651228 0.000000 -0.758882 1.443264 1.443264 1.443264
4643.000977 0.117188 2345.204102 0.000000 0.585755 0.000000 0.810488 1.443264 1.443264 1.443264
4651.222656 0.117188 2341.806152 0.000000 0.333126 0.000000 0.942882 1.267743 1.267743 1.267743
4637.114746 0.117188 2336.320801 0.000000 -0.729554 0.000000 0.683923 1.099000 1.099000 1.099000
4640.465820 0.117188 2339.286621 0.000000 -0.984652 0.000000 0.174530 1.267743 1.267743 1.267743
4648.472168 0.252442 2345.156006 0.000000 -0.844529 0.000000 -0.535510 1.029815 1.029815 1.029815
4644.145996 0.117188 2334.000977 0.000000 -0.670538 0.000000 -0.741876 1.029815 1.029815 1.029815
4641.938965 0.117188 2333.679443 0.000000 0.729352 0.000000 -0.684139 1.201424 1.201424 1.201424
4645.732422 0.117188 2340.693115 0.000000 0.856622 0.000000 0.515944 1.201424 1.201424 1.201424
4645.397949 0.000000 2345.565430 0.000000 -0.519238 0.000000 0.854630 1.201424 1.201424 1.201424
"}
object={
	name="sprawl_mournhold_house7"
	render_pass=Map
	clamp_to_water_level=no
	generated_content=no
	layer="special_sprawl_layer"
	pdxmesh="sprawl_mournhold_house7_mesh"
	count=5
	transform="4626.116211 0.508057 2353.075439 0.000000 0.764168 0.000000 0.645017 0.583285 0.583285 0.583285
4627.508301 0.508057 2352.878418 0.000000 0.764168 0.000000 0.645017 0.583285 0.583285 0.583285
4647.583984 0.000000 2331.304932 0.000000 0.724958 0.000000 0.688793 0.744629 0.744629 0.744629
4653.349609 0.570801 2359.634277 0.000000 0.785953 0.000000 0.618286 0.868067 0.868067 0.868067
4641.714355 0.000000 2332.265625 0.000000 0.724958 0.000000 0.688793 0.744629 0.744629 0.744629
"}
object={
	name="sprawl_mournhold_royal"
	render_pass=Map
	clamp_to_water_level=no
	generated_content=no
	layer="special_sprawl_layer"
	pdxmesh="sprawl_mournhold_royal_mesh"
	count=1
	transform="4627.261230 0.134033 2338.911133 0.000000 -0.013305 0.000000 0.999911 1.000000 1.000000 1.000000
"}
object={
	name="sprawl_mournhold_wall"
	render_pass=Map
	clamp_to_water_level=no
	generated_content=no
	layer="special_sprawl_layer"
	pdxmesh="sprawl_mournhold_greatbazaar_walls_mesh"
	count=4
	transform="4653.849121 0.000000 2332.111572 0.000000 0.979577 0.000000 0.201069 1.199404 1.199404 1.199404
4649.514648 0.000000 2331.311523 0.000000 0.999888 0.000000 0.014949 1.199404 1.199404 1.199404
4639.990234 0.000000 2332.423828 0.000000 0.067575 0.000000 0.997714 1.199404 1.199404 1.199404
4635.876953 0.000000 2333.828613 0.000000 0.230929 0.000000 0.972971 1.199404 1.199404 1.199404
"}
object={
	name="vivec_east_01"
	render_pass=Map
	clamp_to_water_level=no
	generated_content=no
	layer="building_layer"
	pdxmesh="building_vivec_east_01_mesh"
	count=1
	transform="4504.539062 -3.411377 2812.721924 0.000000 0.000000 0.000000 1.000000 1.000000 1.000000 1.000000
"}
object={
	name="vivec_south_01"
	render_pass=Map
	clamp_to_water_level=no
	generated_content=no
	layer="building_layer"
	pdxmesh="building_vivec_south_01_mesh"
	count=1
	transform="4504.626953 -3.541748 2812.873779 0.000000 0.000000 0.000000 1.000000 1.000000 1.000000 1.000000
"}
object={
	name="vivec_west_01"
	render_pass=Map
	clamp_to_water_level=no
	generated_content=no
	layer="building_layer"
	pdxmesh="building_vivec_west_01_mesh"
	count=1
	transform="4504.644531 -3.506348 2812.771240 0.000000 0.000000 0.000000 1.000000 1.000000 1.000000 1.000000
"}
