object={
	name="arcane_university"
	render_pass=Map
	clamp_to_water_level=no
	generated_content=no
	layer="building_layer"
	pdxmesh="building_special_arcane_university_mesh"
	count=1
	transform="3681.802246 0.069091 2368.188232 0.000000 0.255084 0.000000 0.966919 8.451376 8.451376 8.451376
"}
object={
	name="azura_statue"
	render_pass=Map
	clamp_to_water_level=no
	generated_content=no
	layer="building_layer"
	pdxmesh="building_azura_01_mesh"
	count=2
	transform="3931.851318 -3.649658 2718.493408 0.000000 0.913694 0.000000 0.406403 2.874850 2.874850 2.874850
4838.851562 -3.459961 2878.252686 0.000000 -0.775664 0.000000 -0.631147 2.639062 2.639062 2.639062
"}
object={
	name="basalt_column_01"
	render_pass=Map
	clamp_to_water_level=no
	generated_content=no
	layer="building_layer"
	pdxmesh="cliff_basalt_column_01_mesh"
	count=22
	transform="4239.526855 -0.340087 3498.345215 0.000000 0.037637 0.000000 0.999291 1.148428 1.148428 1.148428
4249.737793 -0.562255 3505.003662 0.000000 -0.936025 0.000000 -0.351934 1.148428 1.148428 1.148428
4233.789062 -0.151366 3503.087158 0.000000 -0.584040 0.000000 -0.811725 1.148428 1.148428 1.148428
4126.539062 -0.284912 3549.523438 0.000000 0.402100 0.000000 -0.915596 1.000000 1.000000 1.000000
4134.001953 -1.344971 3549.358887 0.000000 0.996511 0.000000 -0.083464 1.000000 1.000000 1.000000
4228.553223 0.000000 3505.284424 0.000000 -0.068793 0.000000 0.997631 1.000000 1.000000 1.000000
4087.375732 -0.536621 3403.134521 0.000000 0.517378 0.000000 -0.855757 1.000000 1.000000 1.000000
4054.890381 0.557373 3397.842041 0.000000 0.625626 0.000000 0.780123 1.000000 1.000000 1.000000
4090.099121 -0.429443 3411.017334 0.000000 0.694241 0.000000 0.719743 1.000000 1.000000 1.000000
4114.608398 -1.568359 3150.066650 0.000000 0.331152 0.000000 0.943577 1.000000 1.000000 1.000000
4114.595215 -1.031006 3144.134033 0.000000 -0.330807 0.000000 0.943699 1.000000 1.000000 1.000000
4197.598145 -1.782715 2914.465088 -0.000000 -0.201833 0.000000 0.979420 1.000000 1.000000 1.000000
4204.882812 -0.270264 2907.953369 0.000000 -0.459223 0.000000 -0.888321 1.000000 1.000000 1.000000
4088.847900 -0.337891 3291.260254 0.000000 0.564036 0.000000 -0.825751 1.000000 1.000000 1.000000
4096.466309 -1.357910 3313.948975 0.000000 -0.537279 0.000000 -0.843404 1.000000 1.000000 1.000000
4091.277832 -1.590332 3317.067383 0.000000 -0.277038 0.000000 -0.960859 1.000000 1.000000 1.000000
4088.814941 -1.918701 3323.634033 0.000000 0.702643 0.000000 -0.711543 1.000000 1.000000 1.000000
4366.492188 0.046387 3474.515381 0.000000 -0.675722 0.000000 0.737157 1.000000 1.000000 1.000000
4562.281250 0.334717 3501.748047 0.000000 -0.634850 0.000000 -0.772636 1.000000 1.000000 1.000000
4530.130371 -0.327393 3442.933838 0.000000 0.994222 0.000000 -0.107341 1.000000 1.000000 1.000000
4419.384277 -0.902832 3503.377197 0.000000 0.047467 0.000000 0.998873 1.000000 1.000000 1.000000
4438.768555 -0.902832 3511.248047 0.000000 0.887906 0.000000 0.460025 1.000000 1.000000 1.000000
"}
object={
	name="basalt_column_02"
	render_pass=Map
	clamp_to_water_level=no
	generated_content=no
	layer="building_layer"
	pdxmesh="cliff_basalt_column_02_mesh"
	count=19
	transform="4135.590820 -0.226074 3546.842773 0.000000 0.981010 0.000000 -0.193958 1.000000 1.000000 1.000000
4133.696777 0.126953 3547.749268 0.000000 0.876294 0.000000 0.481777 1.000000 1.000000 1.000000
4245.336914 0.290283 3501.078125 0.000000 0.892604 0.000000 0.450842 1.000000 1.000000 1.000000
4245.721191 1.091064 3499.372070 0.000000 0.578097 0.000000 0.815968 1.000000 1.000000 1.000000
4128.566895 -1.047119 3551.825195 0.000000 0.734887 0.000000 0.678189 1.000000 1.000000 1.000000
4124.339844 -0.102295 3549.275635 0.000000 0.448174 0.000000 0.893946 1.000000 1.000000 1.000000
4082.437256 0.577637 3394.599854 0.000000 -0.797247 0.000000 -0.603653 1.000000 1.000000 1.000000
4084.693604 0.577637 3396.462158 0.000000 -0.997131 0.000000 0.075698 1.000000 1.000000 1.000000
4085.268066 1.544434 3399.110596 0.000000 0.524861 0.000000 0.851188 1.000000 1.000000 1.000000
4087.289795 1.394043 3408.088135 0.000000 0.000000 0.000000 1.000000 1.000000 1.000000 1.000000
4197.926270 -0.139404 2916.933594 0.000000 0.381895 0.000000 0.924206 1.000000 1.000000 1.000000
4052.047607 0.983643 3401.125488 0.000000 0.558132 0.000000 0.829752 1.000000 1.000000 1.000000
4090.255615 0.223877 3319.736572 0.000000 -0.101509 0.000000 0.994835 1.000000 1.000000 1.000000
4363.874023 -0.499023 3478.613770 0.000000 0.641281 0.000000 0.767306 1.000000 1.000000 1.000000
4365.873047 -0.499023 3479.732666 0.000000 -0.150910 0.000000 0.988547 1.000000 1.000000 1.000000
4563.859863 0.000000 3496.585693 0.000000 0.829772 0.000000 0.558103 1.000000 1.000000 1.000000
4562.213379 0.160400 3495.217529 0.000000 0.491379 0.000000 0.870946 1.000000 1.000000 1.000000
4439.660156 -0.393066 3504.735352 0.000000 0.520691 0.000000 -0.853746 1.000000 1.000000 1.000000
4438.562012 0.000000 3506.703857 0.000000 0.882368 0.000000 0.470559 1.000000 1.000000 1.000000
"}
object={
	name="blue_palace"
	render_pass=Map
	clamp_to_water_level=no
	generated_content=no
	layer="building_layer"
	pdxmesh="building_special_blue_palace_mesh"
	count=1
	transform="3218.274658 0.213379 3580.380371 0.000000 0.384235 0.000000 0.923236 2.103088 2.103088 2.103088
"}
object={
	name="brdige_wooden"
	render_pass=Map
	clamp_to_water_level=no
	generated_content=no
	layer="building_layer"
	pdxmesh="bridge_wooden_mesh"
	count=5
	transform="3495.270020 -0.018311 1771.704956 0.000000 0.340400 0.000000 -0.940281 0.710071 0.710071 0.710071
3494.270508 2.498047 1783.848877 0.000000 0.955312 0.000000 -0.295600 0.710071 0.710071 0.710071
3486.468018 0.340454 1769.175537 0.000000 0.999191 0.000000 -0.040216 0.594733 0.594733 0.594733
3478.268555 0.696655 1771.613037 0.000000 0.503398 0.000000 0.864055 0.631651 0.631651 0.631651
3480.968994 1.551025 1784.998535 0.000000 -0.185923 0.000000 0.982564 0.768260 0.768260 0.768260
"}
object={
	name="bridge_khajiit"
	render_pass=Map
	clamp_to_water_level=no
	generated_content=no
	layer="building_layer"
	pdxmesh="bridge_khajiit_mesh"
	count=2
	transform="3538.552979 3.065186 1818.314819 0.000000 0.895176 0.000000 0.445713 1.834526 1.834526 1.834526
3569.550049 2.555054 1787.689087 0.000000 0.959773 0.000000 0.280776 1.834526 1.834526 1.834526
"}
object={
	name="cloud_ruler_temple"
	render_pass=Map
	clamp_to_water_level=no
	generated_content=no
	layer="building_layer"
	pdxmesh="building_special_cloudruler_mesh"
	count=1
	transform="3582.518799 0.373291 2819.371826 0.000000 0.107306 0.000000 0.994226 0.745557 0.745557 0.745557
"}
object={
	name="collage_of_winterhold"
	render_pass=Map
	clamp_to_water_level=no
	generated_content=no
	layer="building_layer"
	pdxmesh="building_special_collage_of_winterhold_mesh"
	count=1
	transform="3784.781494 -0.189209 3606.954590 0.000000 0.574755 0.000000 0.818326 1.233626 1.233626 1.233626
"}
object={
	name="dragonsreach"
	render_pass=Map
	clamp_to_water_level=no
	generated_content=no
	layer="building_layer"
	pdxmesh="building_special_dragonsreach_mesh"
	count=1
	transform="3488.991211 0.206543 3255.481689 0.000000 0.279492 0.000000 0.960149 0.411857 0.411857 0.411857
"}
object={
	name="geyser01"
	render_pass=Map
	clamp_to_water_level=no
	generated_content=no
	layer="building_layer"
	entity="geyser01_entity"
	count=43
	transform="3875.955322 0.000000 3185.262207 0.000000 -0.938609 0.000000 -0.344983 1.620031 1.620031 1.620031
3871.371338 0.000000 3232.620850 0.000000 -0.813924 0.000000 -0.580971 1.620031 1.620031 1.620031
3806.303711 0.000000 3148.177246 0.000000 -0.813924 0.000000 -0.580971 1.620031 1.620031 1.620031
3803.518555 0.000000 3187.156494 0.000000 -0.813924 0.000000 -0.580971 1.620031 1.620031 1.620031
3805.405762 0.000000 3190.111572 0.000000 -0.213263 0.000000 -0.976995 1.620031 1.620031 1.620031
3785.350586 0.000000 3184.128906 0.000000 -0.213263 0.000000 -0.976995 1.620031 1.620031 1.620031
3857.892334 0.000000 3196.788330 0.000000 -0.425650 0.000000 0.904888 1.834115 1.834115 1.834115
3842.070557 0.000000 3190.027100 0.000000 -0.837231 0.000000 0.546848 1.377461 1.377461 1.377461
3849.888428 0.000000 3157.030273 0.000000 -0.956117 0.000000 0.292983 1.377461 1.377461 1.377461
3832.437744 0.000000 3159.771729 0.000000 -0.359370 0.000000 -0.933195 1.377461 1.377461 1.377461
3261.375244 0.000000 2758.087402 0.000000 -0.683919 0.000000 -0.729558 1.022348 1.022348 1.022348
3260.888916 0.000000 2761.190674 0.000000 0.850801 0.000000 -0.525487 1.544237 1.544237 1.544237
3271.285889 0.000000 2776.480469 0.000000 0.850801 0.000000 -0.525487 1.406223 1.406223 1.406223
4752.127930 0.000000 2573.562744 0.000000 -0.828380 0.000000 0.560166 2.022171 2.022171 2.022171
4780.917969 0.000000 2566.231201 0.000000 0.471951 0.000000 0.881625 1.395127 1.395127 1.395127
4793.674805 0.000000 2595.449463 0.000000 -0.074165 0.000000 0.997246 1.587558 1.587558 1.587558
4792.891602 0.000000 2577.096436 0.000000 -0.074165 0.000000 0.997246 1.587558 1.587558 1.587558
4753.065918 0.000000 2569.093750 0.000000 -0.474610 0.000000 0.880196 1.375376 1.375376 1.375376
4362.625000 0.000000 2607.577148 0.000000 -0.481600 0.000000 -0.876391 0.946661 0.946661 0.946661
4356.747559 0.000000 2619.031494 0.000000 0.717873 0.000000 -0.696173 1.661962 1.661962 1.661962
4356.737305 0.000000 2634.173096 0.000000 0.552542 0.000000 -0.833485 1.308234 1.308234 1.308234
4358.872559 0.000000 2631.363525 0.000000 -0.505539 0.000000 -0.862804 1.919105 1.919105 1.919105
4344.026855 0.000000 2613.947266 0.000000 -0.975900 0.000000 -0.218219 1.480238 1.480238 1.480238
4523.896484 0.000000 2994.979736 0.000000 0.032836 0.000000 -0.999460 1.125580 1.125580 1.125580
4519.101562 0.000000 3014.828369 0.000000 0.032836 0.000000 -0.999460 1.125580 1.125580 1.125580
4539.091797 0.000000 2998.279541 0.000000 0.474908 0.000000 0.880035 1.125580 1.125580 1.125580
4519.243652 0.000000 3002.526123 0.000000 0.474908 0.000000 0.880035 1.168426 1.168426 1.168426
4524.023926 0.000000 3026.079834 0.000000 0.428357 0.000000 0.903609 1.426192 1.426192 1.426192
4534.661133 0.000000 3019.281494 0.000000 -0.819247 0.000000 0.573440 1.426192 1.426192 1.426192
4537.395508 0.000000 3022.562988 0.000000 -0.999886 0.000000 0.015057 1.743942 1.743942 1.743942
4761.562500 0.000000 2584.364258 0.000000 -0.957438 0.000000 -0.288638 1.480238 1.480238 1.480238
3300.819092 0.000000 2761.247803 0.000000 -0.994752 0.000000 -0.102317 1.480238 1.480238 1.480238
3831.552734 0.000000 3161.851074 0.000000 -0.090886 0.000000 -0.995861 1.620031 1.620031 1.620031
3864.885254 0.000000 3210.620361 0.000000 -0.090886 0.000000 -0.995861 1.620031 1.620031 1.620031
3851.458008 0.000000 3226.218018 0.000000 0.957495 0.000000 -0.288449 1.997344 1.997344 1.997344
3853.183350 0.000000 3229.686035 0.000000 -0.959584 0.000000 0.281420 1.538181 1.538181 1.538181
3855.058594 0.000000 3227.186768 0.000000 -0.990858 0.000000 -0.134907 1.672603 1.672603 1.672603
3799.265625 0.000000 3239.422607 0.000000 -0.295663 0.000000 -0.955292 0.937544 0.937544 0.937544
3814.060791 0.000000 3218.874268 0.000000 -0.593684 0.000000 -0.804698 1.452468 1.452468 1.452468
3782.890869 0.000000 3205.942383 0.000000 0.988044 0.000000 -0.154172 1.290943 1.290943 1.290943
3765.454346 0.000000 3178.779297 0.000000 0.719449 0.000000 0.694545 1.530493 1.530493 1.530493
3750.183105 0.000000 3185.134766 0.000000 0.467949 0.000000 0.883755 1.000000 1.000000 1.000000
4382.101074 0.000000 3479.491211 0.000000 -0.397017 0.000000 0.917811 1.000000 1.000000 1.000000
"}
object={
	name="holamayan_monastery"
	render_pass=Map
	clamp_to_water_level=no
	generated_content=no
	layer="building_layer"
	pdxmesh="building_special_holamayan_monastery_mesh"
	count=1
	transform="4835.329590 -0.319092 2956.391602 0.000000 0.097501 0.000000 0.995236 1.174540 1.174540 1.174540
"}
object={
	name="imperial city"
	render_pass=Map
	clamp_to_water_level=no
	generated_content=no
	layer="building_layer"
	pdxmesh="building_special_imperial_city_mesh"
	count=1
	transform="3648.397461 0.127686 2430.491211 0.000000 0.239234 0.000000 0.970962 6.643301 6.643301 6.643301
"}
object={
	name="markarth_keep"
	render_pass=Map
	clamp_to_water_level=no
	generated_content=no
	layer="building_layer"
	pdxmesh="skyrim_markarth_keep_mesh"
	count=1
	transform="2786.357422 -0.694824 3257.652832 0.000000 0.223728 0.000000 -0.974652 1.367578 1.367578 1.367578
"}
object={
	name="moon_gate"
	render_pass=Map
	clamp_to_water_level=no
	generated_content=no
	layer="building_layer"
	pdxmesh="building_special_moon_gate_mesh"
	count=0
}
object={
	name="necrom_fane_of_the_ancest"
	render_pass=Map
	clamp_to_water_level=no
	generated_content=no
	layer="building_layer"
	pdxmesh="necrom_fane_of_the_ancestors_mesh"
	count=1
	transform="5128.422852 0.195801 2886.555420 0.000000 0.336273 0.000000 0.941764 1.000000 1.000000 1.000000
"}
object={
	name="parliment_of_bugs"
	render_pass=Map
	clamp_to_water_level=no
	generated_content=no
	layer="building_layer"
	pdxmesh="building_special_parliament_of_bugs_mesh"
	count=1
	transform="5112.795898 -0.715088 3385.325195 0.000000 0.605983 0.000000 0.795478 0.965942 0.965942 0.965942
"}
object={
	name="skar_crab"
	render_pass=Map
	clamp_to_water_level=no
	generated_content=no
	layer="building_layer"
	pdxmesh="building_special_skar_mesh"
	count=1
	transform="4396.455566 0.204589 3196.385498 0.000000 -0.147108 0.000000 0.989120 1.000000 1.000000 1.000000
"}
object={
	name="sprawl_baanmalur"
	render_pass=Map
	clamp_to_water_level=no
	generated_content=no
	layer="building_layer"
	pdxmesh="sprawl_baanmalur_mesh"
	count=0
}
object={
	name="sprawl_narsis"
	render_pass=Map
	clamp_to_water_level=no
	generated_content=no
	layer="building_layer"
	pdxmesh="sprawl_narsis_mesh"
	count=1
	transform="4480.369141 -0.394775 2331.923340 0.000000 -0.375172 0.000000 0.926955 1.000000 1.000000 1.000000
"}
object={
	name="sprawl_necrom"
	render_pass=Map
	clamp_to_water_level=no
	generated_content=no
	layer="building_layer"
	pdxmesh="sprawl_necrom_mesh"
	count=1
	transform="5116.238281 -0.186768 2870.770264 0.000000 0.891197 0.000000 0.453617 1.070532 1.070532 1.070532
"}
object={
	name="sprawl_port_telvannis"
	render_pass=Map
	clamp_to_water_level=no
	generated_content=no
	layer="building_layer"
	pdxmesh="sprawl_port_telvannis_mesh"
	count=1
	transform="5127.379883 0.000000 3363.955322 0.000000 -0.437558 0.000000 0.899191 1.000000 1.000000 1.000000
"}
object={
	name="sprawl_tear"
	render_pass=Map
	clamp_to_water_level=no
	generated_content=no
	layer="building_layer"
	pdxmesh="sprawl_tear_mesh"
	count=1
	transform="4983.452148 -0.959717 2119.348877 0.000000 -0.515276 0.000000 -0.857025 1.000000 1.000000 1.000000
"}
object={
	name="temple_almalexia"
	render_pass=Map
	clamp_to_water_level=no
	generated_content=no
	layer="building_layer"
	pdxmesh="special_building_almalexia_mesh"
	count=1
	transform="4636.182617 -0.126709 2366.974609 0.000000 0.528597 0.000000 0.848874 0.461935 0.461935 0.461935
"}
object={
	name="waterfront_wall"
	render_pass=Map
	clamp_to_water_level=no
	generated_content=no
	layer="building_layer"
	pdxmesh="building_special_waterfront_mesh"
	count=1
	transform="3596.071533 3.457764 2348.631836 0.000000 0.367777 0.000000 0.929914 10.963414 10.963414 10.963414
"}
