object={
	name="bridge 01_variant_1"
	clamp_to_water_level=no
	render_under_water=yes
	generated_content=no
	layer="env_effect_layer"
	entity="waterfall"
	count=28
	transform="4504.446289 3.988525 2774.613281 0.000000 0.710123 0.000000 0.704077 0.358796 0.358796 0.358796
4504.126953 3.673096 2781.395752 0.000000 0.710123 0.000000 0.704077 0.358796 0.358796 0.358796
4518.666016 3.055420 2788.119141 0.000000 0.697281 0.000000 -0.716798 0.358796 0.358796 0.358796
4518.856445 3.673096 2781.332031 0.000000 0.697281 0.000000 -0.716798 0.358796 0.358796 0.358796
4507.941406 3.108887 2771.452637 0.000000 0.047398 0.000000 -0.998876 0.358796 0.358796 0.358796
4515.087891 3.678711 2807.744141 0.000000 0.047398 0.000000 -0.998876 0.358796 0.358796 0.358796
4526.623535 3.768311 2819.364014 0.000000 -0.699808 0.000000 0.714331 0.358796 0.358796 0.358796
4526.514648 3.409424 2811.061279 0.000000 -0.699808 0.000000 0.714331 0.358796 0.358796 0.358796
4496.258301 3.731201 2795.433105 0.000000 0.710178 0.000000 0.704022 0.358796 0.358796 0.358796
4496.269531 3.504395 2803.736328 0.000000 0.710178 0.000000 0.704022 0.358796 0.358796 0.358796
4511.163086 3.609375 2819.462891 0.000000 -0.699808 0.000000 0.714331 0.358796 0.358796 0.358796
4511.054199 3.609375 2811.160156 0.000000 -0.699808 0.000000 0.714331 0.358796 0.358796 0.358796
4511.148926 3.609375 2803.731201 0.000000 -0.699808 0.000000 0.714331 0.358796 0.358796 0.358796
4511.040039 3.609375 2795.428467 0.000000 -0.699808 0.000000 0.714331 0.358796 0.358796 0.358796
4526.501953 3.609375 2803.712158 0.000000 -0.699808 0.000000 0.714331 0.358796 0.358796 0.358796
4526.393066 3.609375 2795.409424 0.000000 -0.699808 0.000000 0.714331 0.358796 0.358796 0.358796
4523.376465 3.315186 2807.750488 0.000000 0.047398 0.000000 -0.998876 0.358796 0.358796 0.358796
4483.867676 3.584473 2810.192871 0.000000 0.047398 0.000000 -0.998876 0.358796 0.358796 0.358796
4492.156250 3.673096 2810.199219 0.000000 0.047398 0.000000 -0.998876 0.358796 0.358796 0.358796
4499.563965 3.584473 2807.794189 0.000000 0.047398 0.000000 -0.998876 0.358796 0.358796 0.358796
4507.852539 3.673096 2807.800537 0.000000 0.047398 0.000000 -0.998876 0.358796 0.358796 0.358796
4499.521484 3.673096 2792.127441 0.000000 0.047398 0.000000 -0.998876 0.358796 0.358796 0.358796
4504.094727 3.673096 2788.111816 0.000000 0.710123 0.000000 0.704077 0.358796 0.358796 0.358796
4523.380371 3.673096 2791.982422 0.000000 0.047398 0.000000 -0.998876 0.358796 0.358796 0.358796
4515.113281 3.673096 2771.260742 0.000000 0.047398 0.000000 -0.998876 0.358796 0.358796 0.358796
4518.760742 3.673096 2774.616943 0.000000 0.697281 0.000000 -0.716798 0.358796 0.358796 0.358796
4508.156250 5.832275 2753.285645 0.000000 0.011666 0.000000 -0.999932 0.326192 0.326192 0.326192
4514.838379 5.832275 2753.329102 0.000000 0.011666 0.000000 -0.999932 0.326192 0.326192 0.326192
"}
object={
	name="waterfall"
	clamp_to_water_level=no
	render_under_water=no
	generated_content=no
	layer="env_effect_layer"
	entity="waterfall"
	count=77
	transform="2527.707520 1.778076 2984.306641 0.000000 0.761959 0.000000 0.647625 1.626741 1.626741 1.626741
2544.591797 1.736816 3007.006836 0.000000 0.000000 0.000000 1.000000 1.534082 1.534082 1.534082
2992.422852 1.669434 3017.544678 0.000000 -0.292650 0.000000 0.956219 1.340925 1.340925 1.340925
2833.715332 0.216064 3046.195312 0.000000 0.516654 0.000000 0.856194 1.085986 1.085986 1.085986
2939.584473 1.321533 3001.548096 0.000000 -0.232562 0.000000 0.972582 1.091064 1.091064 1.091064
2607.679688 1.607422 2645.942627 0.000000 0.270425 0.000000 0.962741 1.010132 1.010132 1.010132
395.808441 0.976074 2955.695801 0.000000 -0.994229 0.000000 0.107283 1.281194 1.281194 1.281194
3084.456543 1.794922 3127.557129 0.000000 -0.999966 0.000000 -0.008214 1.758311 1.758311 1.758311
3002.431641 -0.441650 3204.215088 0.000000 0.821863 0.000000 0.569685 1.929407 1.929407 1.929407
2836.101074 3.240967 3255.496826 0.000000 0.811941 0.000000 -0.583739 1.728491 1.728491 1.728491
2904.422119 0.807129 3212.516357 0.000000 0.907767 0.000000 -0.419474 1.000000 1.000000 1.000000
2996.813232 1.180664 3391.542725 0.000000 -0.950073 0.000000 -0.312027 1.578540 1.578540 1.578540
2995.379639 1.822510 3391.005615 0.000000 -0.950073 0.000000 -0.312027 1.578540 1.578540 1.578540
2905.865967 1.810303 3460.357178 0.000000 -0.824196 0.000000 0.566305 1.216675 1.216675 1.216675
3123.917969 2.623779 3376.047363 0.000000 -0.999592 0.000000 0.028556 1.338037 1.338037 1.338037
3117.750732 2.604736 3373.933350 0.000000 -0.897136 0.000000 -0.441756 1.382508 1.382508 1.382508
3088.903809 -0.236816 3418.479980 0.000000 0.929927 0.000000 0.367745 1.668304 1.668304 1.668304
3065.065186 0.546631 3435.507812 0.000000 -0.838889 0.000000 0.544302 1.057886 1.057886 1.057886
3490.594971 -0.473389 3163.697021 0.000000 -0.992289 0.000000 0.123944 2.636755 2.636755 2.636755
3499.810547 0.989990 3170.030029 0.000000 0.892861 0.000000 -0.450332 1.975722 1.975722 1.975722
3156.219971 1.882324 3391.644531 0.000000 -0.988534 0.000000 0.150997 1.707131 1.707131 1.707131
2440.452393 2.531494 3284.184814 0.000000 -0.999135 0.000000 0.041579 1.000000 1.000000 1.000000
2489.604492 2.660645 3278.779785 0.000000 -0.936233 0.000000 -0.351379 1.177979 1.177979 1.177979
2513.985352 4.209229 3295.750488 0.000000 -0.865309 0.000000 -0.501238 1.000000 1.000000 1.000000
2593.980225 2.015381 3390.412842 0.000000 -0.951153 0.000000 -0.308720 1.000000 1.000000 1.000000
2703.314209 1.338867 3489.710693 0.000000 -0.934604 0.000000 -0.355690 1.000000 1.000000 1.000000
3718.187256 2.219971 3358.935303 0.000000 0.491955 0.000000 -0.870620 1.208423 1.208423 1.208423
3743.555664 0.831543 2969.798828 0.000000 -0.987798 0.000000 -0.155740 1.927735 1.927735 1.927735
3737.390381 3.083496 3032.505371 0.000000 0.972495 0.000000 -0.232922 1.382629 1.382629 1.382629
3743.260742 0.665283 3052.234619 0.000000 -0.980679 0.000000 0.195625 1.436748 1.436748 1.436748
3746.198242 1.910400 3072.695312 0.000000 -0.989331 0.000000 0.145685 1.585212 1.585212 1.585212
3736.554688 2.389893 3078.636719 0.000000 -0.778826 0.000000 0.627240 1.524023 1.524023 1.524023
3721.267822 5.470947 3075.596436 0.000000 -0.860285 0.000000 0.509814 1.186768 1.186768 1.186768
3754.858154 3.004395 3085.849365 0.000000 0.896230 0.000000 -0.443589 1.422603 1.422603 1.422603
3755.324463 3.638672 3086.803711 0.000000 0.588698 0.000000 -0.808353 1.422603 1.422603 1.422603
3752.996826 -0.034668 3345.106689 0.000000 0.705395 0.000000 -0.708814 1.499463 1.499463 1.499463
3787.309082 1.828369 3348.950195 0.000000 -0.690784 0.000000 0.723061 1.352868 1.352868 1.352868
3788.026367 2.948975 3110.310303 0.000000 -0.985340 0.000000 0.170605 1.342627 1.342627 1.342627
3744.083740 2.008789 3173.861572 0.000000 -0.964170 0.000000 -0.265284 1.325663 1.325663 1.325663
3657.860840 1.894287 3237.791748 0.000000 0.597861 0.000000 -0.801600 1.348730 1.348730 1.348730
3784.083740 0.591553 3260.026367 0.000000 -0.993400 0.000000 0.114702 1.438989 1.438989 1.438989
4020.784912 0.157227 2327.684326 0.000000 -0.027371 0.000000 0.999625 3.439106 3.439106 3.439106
4137.673340 1.975586 2173.717041 0.000000 0.395055 0.000000 0.918657 1.868127 1.868127 1.868127
4141.396484 1.473389 2109.768555 0.000000 0.395055 0.000000 0.918657 1.721296 1.721296 1.721296
3474.542725 0.000000 2446.274658 0.000000 -0.672927 0.000000 0.739709 1.012256 1.012256 1.012256
3513.775635 2.416016 2391.738037 0.000000 -0.690696 0.000000 0.723145 1.324161 1.324161 1.324161
3218.167236 4.565674 2712.979492 0.000000 0.404705 0.000000 0.914447 1.642672 1.642672 1.642672
3199.354980 1.119385 2716.420410 0.000000 -0.050272 0.000000 0.998736 2.196143 2.196143 2.196143
4134.943848 1.492188 2686.175537 0.000000 0.657978 0.000000 -0.753037 1.316880 1.316880 1.316880
2896.416016 0.733154 2375.209229 0.000000 0.664418 0.000000 0.747361 2.551192 2.551192 2.551192
4270.017090 1.420410 1920.725342 0.000000 0.503503 0.000000 0.863993 2.267876 2.267876 2.267876
3704.537842 1.236816 1992.206177 0.000000 0.992948 0.000000 0.118552 1.016344 1.016344 1.016344
3711.791260 0.648804 1993.752930 0.000000 0.966553 0.000000 0.256466 1.355799 1.355799 1.355799
3728.414307 2.072876 1967.922607 0.000000 -0.879193 0.000000 -0.476465 1.318010 1.318010 1.318010
3703.005127 2.324951 1980.142456 0.000000 0.829682 0.000000 -0.558237 1.221772 1.221772 1.221772
3674.715332 2.724854 1980.020142 0.000000 -0.705748 0.000000 0.708463 1.221772 1.221772 1.221772
4201.652344 1.311523 2912.609375 0.000000 0.981609 0.000000 -0.190903 1.258901 1.258901 1.258901
2784.401855 1.041992 3261.360352 0.000000 -0.576452 0.000000 0.817131 1.111523 1.111523 1.111523
4399.055176 1.020996 3021.416992 0.000000 0.117041 0.000000 0.993127 2.199904 2.199904 2.199904
5060.597656 1.763184 3014.645996 0.000000 0.733555 0.000000 -0.679630 2.014122 2.014122 2.014122
5061.075195 1.732910 3016.049316 0.000000 0.733555 0.000000 -0.679630 2.112633 2.112633 2.112633
4341.558105 0.574707 2439.108398 0.000000 0.494981 0.000000 -0.868904 1.987201 1.987201 1.987201
4610.479980 1.209961 2382.285400 0.000000 0.442483 0.000000 -0.896777 1.564910 1.564910 1.564910
4656.638184 -0.206299 2374.648438 0.000000 0.538345 0.000000 -0.842724 2.184601 2.184601 2.184601
4488.607910 2.409790 2031.966553 0.000000 0.903104 0.000000 -0.429422 1.153982 1.153982 1.153982
4569.696289 1.350464 2012.284180 0.000000 0.530763 0.000000 -0.847520 1.767764 1.767764 1.767764
4203.925293 2.692871 1200.630737 0.000000 0.384206 0.000000 0.923247 1.398259 1.398259 1.398259
3250.492920 -0.343994 2096.835693 0.000000 0.992551 0.000000 0.121823 1.648787 1.648787 1.648787
3256.720703 -0.343994 2104.125732 0.000000 0.507821 0.000000 0.861462 1.648787 1.648787 1.648787
3298.631348 2.432129 1933.761108 0.000000 0.299891 0.000000 0.953974 1.504973 1.504973 1.504973
2890.193848 0.944214 1549.178833 0.000000 -0.030604 0.000000 0.999532 1.780658 1.780658 1.780658
3108.848145 0.726562 1697.942993 0.000000 0.772619 0.000000 -0.634870 1.144031 1.144031 1.144031
2283.528076 1.075317 1810.178833 0.000000 0.226256 0.000000 -0.974068 1.297742 1.297742 1.297742
1902.736328 0.707397 1589.732178 0.000000 0.328026 0.000000 0.944669 1.397656 1.397656 1.397656
2039.491699 3.015259 1204.496582 0.000000 -0.857765 0.000000 -0.514042 1.366935 1.366935 1.366935
1416.073364 1.508179 1964.261719 0.000000 -0.316007 0.000000 0.948757 1.359291 1.359291 1.359291
1422.349487 0.968750 1962.986450 0.000000 0.238968 0.000000 0.971028 1.359291 1.359291 1.359291
"}
object={
	name="waterfall_bottom"
	clamp_to_water_level=no
	render_under_water=no
	generated_content=no
	layer="env_effect_layer"
	entity="waterfall_bottom"
	count=67
	transform="2528.753906 2.280029 2984.300537 0.000000 0.658575 0.000000 -0.752515 0.787378 0.787378 0.787378
2545.101807 0.000000 3008.091064 0.000000 0.997177 0.000000 0.075090 0.787378 0.787378 0.787378
2992.427979 1.776123 3017.071777 0.000000 -0.024534 0.000000 0.999699 0.510132 0.510132 0.510132
2833.587646 0.831543 3046.031006 0.000000 0.460679 0.000000 0.887567 0.403131 0.403131 0.403131
2939.704590 1.570312 3001.174316 0.000000 0.210084 0.000000 -0.977683 0.533897 0.533897 0.533897
2608.031494 0.770508 2646.361084 0.000000 -0.968162 0.000000 0.250326 0.413912 0.413912 0.413912
395.375092 0.000000 2953.844971 0.000000 0.137272 0.000000 0.990533 0.561792 0.561792 0.561792
3083.522705 0.671387 3126.846436 0.000000 0.370557 0.000000 0.928810 0.631421 0.631421 0.631421
3004.383301 1.169434 3203.775635 0.000000 0.550876 0.000000 -0.834587 0.422899 0.422899 0.422899
2903.948242 0.492676 3212.074707 0.000000 0.565730 0.000000 0.824591 0.370536 0.370536 0.370536
2836.245850 2.976074 3255.331055 0.000000 0.806063 0.000000 0.591830 0.596558 0.596558 0.596558
2996.753418 0.087891 3389.326660 0.000000 0.000000 0.000000 1.000000 0.623223 0.623223 0.623223
2905.612061 0.982910 3460.562744 0.000000 -0.583678 0.000000 -0.811985 0.372462 0.372462 0.372462
3123.797119 0.469727 3375.371582 0.000000 -0.150548 0.000000 0.988603 0.428246 0.428246 0.428246
3118.136963 1.859619 3373.337891 0.000000 -0.368260 0.000000 0.929723 0.462608 0.462608 0.462608
3090.266113 0.445801 3417.110596 0.000000 -0.397325 0.000000 0.917678 0.436862 0.436862 0.436862
3064.513428 0.364990 3435.349854 0.000000 -0.523268 0.000000 -0.852169 0.402872 0.402872 0.402872
3489.620605 -0.196045 3160.284912 0.000000 0.179953 0.000000 0.983675 0.731793 0.731793 0.731793
3498.708496 0.088135 3168.638184 0.000000 0.380879 0.000000 0.924625 0.710938 0.710938 0.710938
3155.751709 -0.310059 3389.638916 0.000000 0.192067 0.000000 0.981382 0.552612 0.552612 0.552612
2440.575684 0.116943 3284.303955 0.000000 0.089875 0.000000 0.995953 0.461353 0.461353 0.461353
2489.025635 1.101807 3279.483398 0.000000 -0.196258 0.000000 0.980552 0.502905 0.502905 0.502905
2514.468994 -1.803467 3295.334717 0.000000 -0.536680 0.000000 0.843786 0.571143 0.571143 0.571143
2594.593750 -1.001465 3389.711670 0.000000 -0.243203 0.000000 0.969975 0.515389 0.515389 0.515389
2703.876465 -0.464600 3489.272949 0.000000 -0.379327 0.000000 0.925263 0.443457 0.443457 0.443457
3717.282715 -0.298096 3359.435791 0.000000 0.911987 0.000000 0.410219 0.633008 0.633008 0.633008
3744.394531 0.509033 2967.517822 0.000000 -0.070620 0.000000 0.997503 0.631348 0.631348 0.631348
3736.805908 0.210693 3031.781738 0.000000 0.226116 0.000000 0.974100 0.523317 0.523317 0.523317
3745.919922 -0.405029 3070.968018 0.000000 0.133632 0.000000 0.991031 0.585598 0.585598 0.585598
3735.678223 1.501953 3078.559570 0.000000 0.617714 0.000000 0.786403 0.562994 0.562994 0.562994
3720.396973 0.170898 3075.129395 0.000000 0.617714 0.000000 0.786403 0.562994 0.562994 0.562994
3752.567871 -0.926270 3086.390869 0.000000 0.696062 0.000000 0.717982 0.689834 0.689834 0.689834
3751.287842 0.364258 3345.171387 0.000000 0.704687 0.000000 0.709518 0.429825 0.429825 0.429825
3785.407471 0.016357 3349.334473 0.000000 0.768521 0.000000 0.639825 0.540333 0.540333 0.540333
3788.399658 0.000000 3349.666260 0.000000 0.000000 0.000000 1.000000 1.000000 1.000000 1.000000
3787.606201 2.105469 3109.230469 0.000000 0.093279 0.000000 0.995640 0.524414 0.524414 0.524414
3744.784180 0.845459 3172.669678 0.000000 -0.298568 0.000000 0.954388 0.470574 0.470574 0.470574
3656.529785 1.512451 3238.043213 0.000000 0.839122 0.000000 0.543944 0.429779 0.429779 0.429779
3783.678467 -0.048584 3257.873535 0.000000 0.142247 0.000000 0.989831 0.422566 0.422566 0.422566
4021.078125 3.840088 2331.888672 0.000000 0.999929 0.000000 -0.011906 0.706830 0.706830 0.706830
4139.401367 0.108398 2175.624023 0.000000 0.921572 0.000000 -0.388208 0.469633 0.469633 0.469633
4142.862305 0.815918 2111.426758 0.000000 0.921572 0.000000 -0.388208 0.432720 0.432720 0.432720
3473.500244 -0.394531 2446.242432 0.000000 0.552447 0.000000 0.833548 0.315234 0.315234 0.315234
3512.301514 0.982422 2391.641113 0.000000 0.602652 0.000000 0.798004 0.340185 0.340185 0.340185
3199.060059 3.408203 2718.914795 0.000000 -0.988888 0.000000 -0.148664 0.516595 0.516595 0.516595
3218.130127 3.332520 2713.004150 0.000000 0.858673 0.000000 -0.512523 0.478760 0.478760 0.478760
4134.394043 1.145020 2686.225342 0.000000 0.719174 0.000000 0.694830 0.440450 0.440450 0.440450
2899.614990 3.074951 2375.728027 0.000000 -0.705272 0.000000 0.708937 0.600368 0.600368 0.600368
4272.238770 0.160278 1921.799072 0.000000 0.942438 0.000000 -0.334380 0.704224 0.704224 0.704224
3704.687744 0.562988 1991.532227 0.000000 0.068389 0.000000 -0.997659 0.314220 0.314220 0.314220
3712.074219 0.784302 1993.052124 0.000000 0.207458 0.000000 -0.978244 0.419168 0.419168 0.419168
3729.072510 -0.162109 1966.222900 0.000000 -0.221042 0.000000 0.975264 0.523135 0.523135 0.523135
3702.046387 0.089966 1980.186523 0.000000 -0.761748 0.000000 -0.647874 0.484937 0.484937 0.484937
3673.987305 0.089966 1980.333374 0.000000 0.872876 0.000000 0.487942 0.484937 0.484937 0.484937
4201.237793 0.326172 2912.369141 0.000000 -0.509863 0.000000 -0.860255 0.414080 0.414080 0.414080
5059.412109 2.001465 3015.270752 0.000000 0.700344 0.000000 0.713806 0.748030 0.748030 0.748030
4340.080566 0.172607 2439.927246 0.000000 0.827071 0.000000 0.562097 0.664996 0.664996 0.664996
4608.468750 -0.034668 2383.989746 0.000000 0.858318 0.000000 0.513118 0.422537 0.422537 0.422537
4654.256836 1.956055 2375.784424 0.000000 0.818223 0.000000 0.574901 0.522760 0.522760 0.522760
4487.933105 -0.316406 2031.149536 0.000000 0.448392 0.000000 0.893837 0.397551 0.397551 0.397551
4568.139160 1.918335 2013.087280 0.000000 0.845992 0.000000 0.533196 0.504220 0.504220 0.504220
4204.850586 -2.374268 1201.816528 0.000000 0.961818 0.000000 -0.273689 0.500023 0.500023 0.500023
3249.804443 1.454345 2096.280518 0.000000 0.222926 0.000000 -0.974836 0.558867 0.558867 0.558867
3257.453857 1.454345 2104.459961 0.000000 0.908980 0.000000 -0.416840 0.558867 0.558867 0.558867
3299.477295 1.818848 1934.030762 0.000000 0.895145 0.000000 -0.445776 0.405196 0.405196 0.405196
1423.244995 1.068604 1964.561035 0.000000 0.966453 0.000000 -0.256844 0.419485 0.419485 0.419485
1415.326660 -0.222534 1965.684204 0.000000 0.979018 0.000000 0.203774 0.419485 0.419485 0.419485
"}
