object={
	name="lakes"
	render_pass=Map
	clamp_to_water_level=yes
	generated_content=no
	layer="lake_layer"
	pdxmesh="lake_mesh"
	count=370
	transform="2652.569092 0.097412 3395.548340 0.000000 0.699646 0.000000 0.714489 18.397093 18.397093 18.397093
2432.828369 -0.521240 3243.847656 0.000000 0.314863 0.000000 0.949137 11.960835 11.960835 11.960835
2003.169556 0.254639 2402.538818 0.000000 0.134131 0.000000 0.990964 7.826490 7.826490 7.826490
2822.538330 0.568359 3022.150635 0.000000 0.737015 0.000000 0.675876 3.478584 3.478584 3.478584
2830.392578 0.984863 3045.175293 0.000000 0.577250 0.000000 0.816568 8.764936 8.764936 8.764936
2820.820312 -0.144043 3041.371338 0.000000 0.577250 0.000000 0.816568 16.742924 16.742924 16.742924
2809.282471 1.145752 3039.020752 0.000000 0.577250 0.000000 0.816568 10.352149 10.352149 10.352149
2888.115479 -0.268799 2961.134521 0.000000 0.000000 0.000000 1.000000 16.551971 16.551971 16.551971
2994.024170 -0.251953 3008.807129 0.000000 0.693626 0.000000 0.720336 22.587391 22.587391 22.587391
2950.661621 1.384277 3001.345459 0.000000 0.313096 0.000000 0.949722 6.527793 6.527793 6.527793
2937.504883 -0.457520 3001.656494 0.000000 0.313096 0.000000 0.949722 6.527793 6.527793 6.527793
2945.324951 1.339111 2995.286865 0.000000 0.313096 0.000000 0.949722 6.527793 6.527793 6.527793
3016.992188 0.752197 2930.243408 0.000000 0.644787 0.000000 0.764362 8.096442 8.096442 8.096442
3086.914551 -0.101807 2955.904297 0.000000 0.000000 0.000000 1.000000 16.465454 16.465454 16.465454
3203.467285 3.289063 2836.901367 0.000000 0.211465 0.000000 0.977386 22.801094 22.801094 22.801094
3019.237305 1.291016 2853.119629 0.000000 -0.057189 0.000000 0.998363 32.342072 32.342072 32.342072
2725.542236 1.112549 2878.728271 0.000000 -0.314516 0.000000 0.949252 4.798313 4.798313 4.798313
1560.592896 0.822266 2495.886719 0.000000 0.252531 0.000000 0.967589 9.006867 9.006867 9.006867
667.077881 0.717041 3041.926025 0.000000 0.270616 0.000000 0.962687 11.223236 11.223236 11.223236
430.819458 0.770386 1758.624390 0.000000 -0.801301 0.000000 0.598262 12.497342 12.497342 12.497342
409.417633 0.681396 1755.808594 0.000000 -0.801301 0.000000 0.598262 8.212662 8.212662 8.212662
417.687500 5.217285 1759.587891 0.000000 -0.801301 0.000000 0.598262 18.005653 18.005653 18.005653
3515.765869 1.952636 2926.159668 0.000000 0.604428 0.000000 0.796659 21.174929 21.174929 21.174929
3629.328369 0.888672 3240.857910 0.000000 0.059566 0.000000 0.998225 17.915615 17.915615 17.915615
3586.546875 0.504639 3248.323242 0.000000 0.059566 0.000000 0.998225 26.416012 26.416012 26.416012
3536.881592 1.051758 3237.235596 0.000000 -0.291687 0.000000 0.956514 26.416012 26.416012 26.416012
3510.441650 1.273193 3203.884766 0.000000 -0.612806 0.000000 0.790233 19.015814 19.015814 19.015814
3504.790283 1.463134 3176.449707 0.000000 -0.499913 0.000000 0.866076 10.968396 10.968396 10.968396
3492.862061 3.447021 3163.817871 0.000000 -0.425886 0.000000 0.904777 6.625260 6.625260 6.625260
3489.188232 2.085693 3147.513916 0.000000 -0.667696 0.000000 0.744434 11.003594 11.003594 11.003594
3464.199951 2.280029 3106.406250 0.000000 -0.239945 0.000000 0.970786 41.055042 41.055042 41.055042
3401.043701 0.228760 3055.589600 0.000000 -0.239945 0.000000 0.970786 41.055042 41.055042 41.055042
3289.947266 3.758301 3059.442871 0.000000 0.151634 0.000000 0.988437 79.974060 79.974060 79.974060
3291.874268 1.307373 2970.050049 0.000000 0.206601 0.000000 0.978425 9.834706 9.834706 9.834706
3279.667725 -0.033691 2976.504639 0.000000 0.631560 0.000000 0.775327 6.136262 6.136262 6.136262
3368.487793 2.363769 2965.738281 0.000000 0.973609 0.000000 0.228222 6.889958 6.889958 6.889958
3363.781250 1.102539 2997.933350 0.000000 -0.079171 0.000000 0.996861 5.975925 5.975925 5.975925
3082.273926 -1.278565 3110.304199 0.000000 0.736190 0.000000 0.676775 13.946072 13.946072 13.946072
3084.029297 1.960938 3130.443359 0.000000 -0.774404 0.000000 0.632691 5.393935 5.393935 5.393935
2882.620850 0.682861 3205.269775 0.000000 -0.104909 0.000000 0.994482 21.293232 21.293232 21.293232
2993.132324 1.032470 3370.485596 0.000000 0.936803 0.000000 0.349856 21.293232 21.293232 21.293232
2953.898193 -0.861084 3342.920410 0.000000 0.936803 0.000000 0.349856 34.484058 34.484058 34.484058
2910.260986 0.584961 3216.944580 0.000000 0.936803 0.000000 0.349856 14.061395 14.061395 14.061395
2853.389404 0.104980 3252.288574 0.000000 0.970749 0.000000 -0.240098 23.085283 23.085283 23.085283
2896.123779 -0.869629 3264.102783 0.000000 0.272598 0.000000 0.962128 44.237438 44.237438 44.237438
2936.633057 0.022705 3290.909424 0.000000 0.272598 0.000000 0.962128 44.237438 44.237438 44.237438
2954.160156 1.273438 3235.756348 0.000000 0.272598 0.000000 0.962128 31.785522 31.785522 31.785522
2992.176270 -0.077393 3211.672607 0.000000 0.272598 0.000000 0.962128 16.570383 16.570383 16.570383
3020.998291 1.189209 3195.441650 0.000000 0.272598 0.000000 0.962128 16.570383 16.570383 16.570383
3050.875488 0.972656 3177.201904 0.000000 0.272598 0.000000 0.962128 20.694674 20.694674 20.694674
3080.294434 1.217529 3160.474365 0.000000 0.272598 0.000000 0.962128 20.443399 20.443399 20.443399
2822.950195 -0.372314 3253.009521 0.000000 -0.122101 0.000000 0.992518 10.277523 10.277523 10.277523
3032.701416 1.446777 3201.356445 0.000000 0.248320 0.000000 0.968678 6.555220 6.555220 6.555220
2862.316895 0.330078 3344.984131 0.000000 -0.559296 0.000000 0.828968 9.702699 9.702699 9.702699
2868.966553 -2.797119 3450.749268 0.000000 -0.203225 0.000000 0.979132 34.899567 34.899567 34.899567
2882.538818 1.819580 3403.349121 0.000000 -0.228464 0.000000 0.973552 3.949795 3.949795 3.949795
3028.561279 -0.246582 3563.538818 0.000000 -0.499781 0.000000 0.866152 17.531750 17.531750 17.531750
3054.007812 0.819824 3435.443359 0.000000 -0.105091 0.000000 0.994463 9.194732 9.194732 9.194732
3096.414062 0.877686 3409.417236 0.000000 -0.905886 0.000000 0.423523 8.939894 8.939894 8.939894
3108.830566 -0.248291 3388.123779 0.000000 -0.989181 0.000000 0.146699 24.818901 24.818901 24.818901
3123.973145 0.515137 3339.700439 0.000000 0.563078 0.000000 -0.826404 12.075513 12.075513 12.075513
3127.219482 0.380615 3361.411621 0.000000 0.824812 0.000000 -0.565407 12.075513 12.075513 12.075513
3245.966797 0.696045 3162.059082 0.000000 0.938661 0.000000 -0.344840 7.302228 7.302228 7.302228
3169.077881 0.213134 3320.471436 0.000000 0.987292 0.000000 0.158913 5.668517 5.668517 5.668517
3186.987549 0.203613 3280.749512 0.000000 0.994873 0.000000 0.101128 11.000191 11.000191 11.000191
3304.280029 -0.300781 3281.861816 0.000000 0.113424 0.000000 -0.993547 14.951022 14.951022 14.951022
3276.332275 0.223633 3279.678711 0.000000 0.080775 0.000000 -0.996732 14.951022 14.951022 14.951022
3254.716797 0.740723 3272.571045 0.000000 0.839250 0.000000 -0.543746 19.004080 19.004080 19.004080
3224.205078 -0.042236 3294.500000 0.000000 0.966151 0.000000 -0.257979 22.986664 22.986664 22.986664
3194.574707 2.175049 3322.435547 0.000000 0.572905 0.000000 0.819621 22.986664 22.986664 22.986664
3165.738525 0.567627 3349.456055 0.000000 0.998368 0.000000 -0.057102 22.986664 22.986664 22.986664
3155.066895 2.214844 3374.146240 0.000000 0.745496 0.000000 0.666511 13.949267 13.949267 13.949267
2440.250488 0.102783 3285.965332 0.000000 0.143545 0.000000 0.989644 3.611840 3.611840 3.611840
2592.457520 0.262939 3393.286621 0.000000 -0.212479 0.000000 0.977166 7.048427 7.048427 7.048427
3432.106689 0.354492 3220.015137 0.000000 -0.667469 0.000000 0.744638 7.509017 7.509017 7.509017
3471.597900 0.653321 3336.661865 0.000000 0.738128 0.000000 0.674660 7.228920 7.228920 7.228920
3700.706299 0.448242 3369.486084 0.000000 0.933962 0.000000 -0.357372 17.609638 17.609638 17.609638
3667.192139 0.085938 3376.735107 0.000000 0.999501 0.000000 0.031576 20.067020 20.067020 20.067020
3647.474854 0.658936 3400.459717 0.000000 0.794703 0.000000 0.606999 6.304709 6.304709 6.304709
3644.355469 1.184814 3402.166260 0.000000 0.794703 0.000000 0.606999 6.304709 6.304709 6.304709
3767.697021 0.850586 3348.641846 0.000000 0.054721 0.000000 0.998502 16.395960 16.395960 16.395960
3738.253662 1.727051 3347.252930 0.000000 0.085680 0.000000 0.996323 12.176200 12.176200 12.176200
3717.656006 0.908936 3358.071533 0.000000 -0.902211 0.000000 -0.431295 3.851227 3.851227 3.851227
3723.503174 1.708008 3351.720215 0.000000 -0.919597 0.000000 0.392863 7.400021 7.400021 7.400021
3788.228027 -0.300293 2959.864990 0.000000 0.982895 0.000000 0.184167 42.553509 42.553509 42.553509
3895.787109 1.721924 2931.791992 0.000000 0.997598 0.000000 -0.069267 79.419815 79.419815 79.419815
3727.302734 1.500488 3076.362305 0.000000 -0.974975 0.000000 -0.222313 7.310754 7.310754 7.310754
3712.271484 -0.342285 3063.954590 0.000000 -0.936950 0.000000 -0.349464 12.597290 12.597290 12.597290
3687.084229 -0.958984 3029.283203 0.000000 -0.957301 0.000000 -0.289092 34.423214 34.423214 34.423214
3742.670898 0.507812 2978.051758 0.000000 -0.760713 0.000000 0.649089 12.597488 12.597488 12.597488
3728.861084 -0.271729 2999.946533 0.000000 0.399508 0.000000 0.916730 18.124632 18.124632 18.124632
3753.227539 1.302734 3075.382324 0.000000 0.079454 0.000000 -0.996839 3.978546 3.978546 3.978546
3742.706543 0.782715 3081.995605 0.000000 -0.734653 0.000000 -0.678443 18.795395 18.795395 18.795395
3647.912354 0.956787 3240.283691 0.000000 -0.141966 0.000000 -0.989872 7.212076 7.212076 7.212076
3674.519775 -2.343018 3238.471436 0.000000 0.001627 0.000000 -0.999999 17.921896 17.921896 17.921896
3684.553955 -0.168457 3213.254395 0.000000 -0.657725 0.000000 -0.753258 17.921896 17.921896 17.921896
3706.434570 -0.006592 3194.516846 0.000000 -0.999813 0.000000 0.019373 15.637041 15.637041 15.637041
3778.534668 0.317138 3244.777588 0.000000 -0.820510 0.000000 -0.571633 13.476579 13.476579 13.476579
3757.912842 1.273926 3220.347900 0.000000 -0.955167 0.000000 -0.296067 23.050932 23.050932 23.050932
3707.980957 1.506348 3151.500488 0.000000 -0.514005 0.000000 -0.857788 7.165187 7.165187 7.165187
3735.959229 1.185791 3189.157715 0.000000 -0.514005 0.000000 -0.857788 23.050932 23.050932 23.050932
3752.490967 -0.584229 3152.509033 0.000000 -0.557339 0.000000 -0.830285 20.341833 20.341833 20.341833
3778.939453 -0.974610 3122.336426 0.000000 -0.216196 0.000000 -0.976350 20.341833 20.341833 20.341833
3784.042236 0.892334 3101.962402 0.000000 -0.816354 0.000000 -0.577553 6.303064 6.303064 6.303064
3831.183594 0.983887 3059.951660 0.000000 -0.976479 0.000000 -0.215614 5.901776 5.901776 5.901776
3769.841064 0.998535 3090.932373 0.000000 -0.976479 0.000000 -0.215614 18.795395 18.795395 18.795395
3739.655273 2.293701 3040.526611 0.000000 -0.610198 0.000000 0.792249 10.024535 10.024535 10.024535
3742.225342 0.890869 3059.423340 0.000000 -0.610198 0.000000 0.792249 11.221944 11.221944 11.221944
3732.766602 2.218750 3026.121582 0.000000 0.292387 0.000000 0.956300 9.311003 9.311003 9.311003
3715.342773 2.469482 3020.000488 0.000000 -0.270131 0.000000 0.962824 15.787618 15.787618 15.787618
3751.772949 1.309082 3011.898926 0.000000 0.411142 0.000000 0.911572 3.986124 3.986124 3.986124
3860.266113 0.863281 2881.234375 0.000000 -0.950304 0.000000 0.311323 3.868824 3.868824 3.868824
3819.478760 0.845459 2936.855957 0.000000 -0.798406 0.000000 -0.602120 3.868824 3.868824 3.868824
3806.048340 1.152832 2935.640869 0.000000 -0.941414 0.000000 -0.337254 4.366367 4.366367 4.366367
3861.343994 0.447754 3230.392822 0.000000 -0.305725 0.000000 0.952120 8.707432 8.707432 8.707432
3856.600342 1.245850 3235.667480 0.000000 -0.305725 0.000000 0.952120 8.707432 8.707432 8.707432
3815.752441 1.010010 3198.134766 0.000000 0.147742 0.000000 0.989026 4.249270 4.249270 4.249270
3814.303711 1.069580 3193.538818 0.000000 0.147742 0.000000 0.989026 3.225121 3.225121 3.225121
3812.966309 1.794678 3185.488037 0.000000 0.147742 0.000000 0.989026 13.426260 13.426260 13.426260
3857.910156 0.506592 3182.817627 0.000000 0.754918 0.000000 0.655819 8.772112 8.772112 8.772112
3876.430176 0.254639 3157.068604 0.000000 0.000000 0.000000 1.000000 10.700847 10.700847 10.700847
3748.834473 1.395508 3275.838623 0.000000 0.566779 0.000000 -0.823870 13.477535 13.477535 13.477535
3718.355957 2.568116 3236.054199 0.000000 0.439305 0.000000 -0.898338 9.251737 9.251737 9.251737
3808.432129 1.234375 3226.087891 0.000000 0.439305 0.000000 -0.898338 9.251737 9.251737 9.251737
3966.218750 1.985107 3162.732178 0.000000 0.500117 0.000000 -0.865958 9.251737 9.251737 9.251737
3871.417725 0.416260 3192.910156 0.000000 0.976833 0.000000 -0.214004 8.891134 8.891134 8.891134
3780.285156 0.649414 3207.474365 0.000000 0.976833 0.000000 -0.214004 7.872144 7.872144 7.872144
3783.334473 1.029541 3210.745361 0.000000 0.976833 0.000000 -0.214004 7.872144 7.872144 7.872144
3751.515869 0.420166 3190.426758 0.000000 0.250646 0.000000 -0.968079 5.960863 5.960863 5.960863
3750.885986 0.656738 3194.511963 0.000000 0.250646 0.000000 -0.968079 5.960863 5.960863 5.960863
3750.857178 0.253418 3190.120605 0.000000 0.250646 0.000000 -0.968079 5.960863 5.960863 5.960863
3778.963867 0.623291 3185.282715 0.000000 0.572348 0.000000 -0.820011 5.960863 5.960863 5.960863
3766.684814 0.323486 3174.057617 0.000000 0.990278 0.000000 0.139100 11.255362 11.255362 11.255362
3767.093750 0.205811 3162.600342 0.000000 0.990278 0.000000 0.139100 11.255362 11.255362 11.255362
3798.083252 0.397949 3144.907959 0.000000 0.390677 0.000000 0.920528 14.061850 14.061850 14.061850
3826.843994 0.642090 3165.577881 0.000000 -0.375964 0.000000 0.926634 7.265278 7.265278 7.265278
3850.101074 0.281494 3158.639648 0.000000 0.000000 0.000000 1.000000 16.624781 16.624781 16.624781
3848.433105 1.215820 3192.859619 0.000000 -0.233927 0.000000 0.972254 5.303472 5.303472 5.303472
3850.259521 0.947021 3190.938477 0.000000 -0.456801 0.000000 0.889569 3.214355 3.214355 3.214355
3846.867920 0.842529 3188.626465 0.000000 -0.456801 0.000000 0.889569 3.214355 3.214355 3.214355
3837.030273 1.345215 3278.809082 0.000000 0.007538 0.000000 0.999972 8.674758 8.674758 8.674758
4163.420410 1.117187 2646.423584 0.000000 -0.735006 0.000000 -0.678061 13.911148 13.911148 13.911148
4163.520020 -0.077881 2671.777100 0.000000 -0.935430 0.000000 0.353513 23.789272 23.789272 23.789272
4123.858398 1.459717 2682.449951 0.000000 -0.704861 0.000000 0.709346 15.942256 15.942256 15.942256
4135.675781 0.623779 2688.196533 0.000000 -0.340121 0.000000 0.940382 23.789272 23.789272 23.789272
4102.936035 -0.007080 2770.152100 0.000000 -0.340121 0.000000 0.940382 56.418774 56.418774 56.418774
3319.734863 -0.236816 2793.024902 0.000000 0.172714 0.000000 0.984972 17.208881 17.208881 17.208881
3272.020264 1.635986 2795.258789 0.000000 -0.261099 0.000000 0.965312 11.651225 11.651225 11.651225
3290.164307 -0.824463 2779.618408 0.000000 0.677408 0.000000 0.735608 5.871322 5.871322 5.871322
3297.239990 1.550781 2771.936768 0.000000 0.677408 0.000000 0.735608 10.772200 10.772200 10.772200
3272.386719 0.892334 2751.863037 0.000000 0.141129 0.000000 0.989991 16.734581 16.734581 16.734581
4039.605225 1.675781 2437.090088 0.000000 0.858208 0.000000 0.513302 11.356697 11.356697 11.356697
4013.194336 1.282470 2355.503906 0.000000 0.760092 0.000000 -0.649815 22.147844 22.147844 22.147844
3972.359619 -0.126709 2397.497070 0.000000 0.954714 0.000000 -0.297524 17.371450 17.371450 17.371450
3996.195068 0.222656 2381.422607 0.000000 0.954714 0.000000 -0.297524 14.588699 14.588699 14.588699
4008.046143 0.318604 2398.838867 0.000000 0.892480 0.000000 0.451087 14.588699 14.588699 14.588699
4024.559326 1.616211 2418.663330 0.000000 0.892480 0.000000 0.451087 12.976745 12.976745 12.976745
4043.086182 1.467529 2456.885254 0.000000 0.711583 0.000000 0.702603 12.976745 12.976745 12.976745
4007.972412 0.214355 2543.947998 0.000000 0.696456 0.000000 0.717600 20.733465 20.733465 20.733465
4006.793945 1.322510 2540.696777 0.000000 0.696456 0.000000 0.717600 12.850123 12.850123 12.850123
4046.881836 2.263672 2681.776123 0.000000 0.999862 0.000000 -0.016605 11.160700 11.160700 11.160700
4179.687500 1.049072 2614.136719 0.000000 0.684380 0.000000 0.729125 10.437753 10.437753 10.437753
3934.115234 2.302246 2435.365723 0.000000 0.308629 0.000000 0.951182 16.648813 16.648813 16.648813
4006.746582 1.322510 2517.283447 0.000000 0.696456 0.000000 0.717600 16.867355 16.867355 16.867355
4151.659668 1.740479 2119.926514 0.000000 0.929274 0.000000 0.369390 11.060845 11.060845 11.060845
4155.070312 0.677002 2207.721680 0.000000 0.811037 0.000000 0.584995 12.119492 12.119492 12.119492
4183.108398 1.730957 2139.381348 0.000000 -0.984154 0.000000 -0.177315 12.905828 12.905828 12.905828
4081.676758 2.498047 2183.109375 0.000000 -0.981768 0.000000 0.190086 14.424740 14.424740 14.424740
4147.254395 0.989502 2186.303711 0.000000 0.909301 0.000000 0.416139 12.119492 12.119492 12.119492
4158.021484 0.790527 2144.798584 0.000000 0.491644 0.000000 0.870796 17.331865 17.331865 17.331865
4141.284180 1.779541 2166.568115 0.000000 0.491644 0.000000 0.870796 10.517116 10.517116 10.517116
3851.449707 1.265137 2479.396240 0.000000 0.983764 0.000000 0.179468 13.203437 13.203437 13.203437
3964.832764 1.532227 2629.717773 0.000000 -0.239679 0.000000 0.970852 20.159962 20.159962 20.159962
3894.648193 1.921631 2524.444336 0.000000 0.609811 0.000000 0.792546 7.322453 7.322453 7.322453
3891.442871 2.958984 2541.679932 0.000000 0.691071 0.000000 0.722787 9.171819 9.171819 9.171819
3853.725342 0.380127 2466.560547 0.000000 0.000000 0.000000 1.000000 15.989010 15.989010 15.989010
3641.165527 -0.026611 2439.740723 0.000000 -0.258918 0.000000 0.965899 24.485001 24.485001 24.485001
3654.585693 -0.042237 2421.237061 0.000000 -0.249178 0.000000 0.968458 23.235310 23.235310 23.235310
3436.519531 2.003174 2742.328125 0.000000 -0.906500 0.000000 0.422207 15.675342 15.675342 15.675342
3450.166260 2.763672 2750.961914 0.000000 -0.906500 0.000000 0.422207 20.737097 20.737097 20.737097
3544.320557 -0.163086 2699.068359 0.000000 -0.230751 0.000000 0.973013 7.291307 7.291307 7.291307
3368.256836 0.228516 2665.670654 0.000000 -0.870768 0.000000 0.491694 8.768791 8.768791 8.768791
3384.199707 -0.138916 2652.962158 0.000000 -0.999692 0.000000 -0.024813 20.911139 20.911139 20.911139
3463.714844 0.936280 2440.782715 0.000000 -0.709435 0.000000 0.704771 17.330765 17.330765 17.330765
3421.115479 3.372559 2527.529541 0.000000 0.953013 0.000000 0.302930 11.449702 11.449702 11.449702
3404.568359 3.574707 2531.531250 0.000000 0.283035 0.000000 0.959110 14.449710 14.449710 14.449710
3190.648438 0.938965 2526.954346 0.000000 -0.047955 0.000000 0.998849 9.423497 9.423497 9.423497
3189.940186 1.936279 2541.128174 0.000000 -0.459270 0.000000 0.888297 11.953186 11.953186 11.953186
3238.590820 1.147461 2610.382080 0.000000 0.104029 0.000000 0.994574 4.036299 4.036299 4.036299
3237.477539 1.760254 2619.088623 0.000000 0.104029 0.000000 0.994574 5.322477 5.322477 5.322477
3712.680664 0.645752 2481.057129 0.000000 -0.779266 0.000000 0.626693 16.526218 16.526218 16.526218
3524.062988 1.621338 2180.242432 0.000000 -0.940842 0.000000 -0.338846 7.351028 7.351028 7.351028
3668.407715 1.621338 2226.019775 0.000000 -0.648960 0.000000 -0.760823 11.092213 11.092213 11.092213
3525.327881 1.917725 2150.406738 0.000000 0.396588 0.000000 -0.917996 22.804737 22.804737 22.804737
3465.202148 3.077637 2089.882568 0.000000 0.236893 0.000000 0.971536 26.741705 26.741705 26.741705
3190.210693 2.185547 2767.508301 0.000000 0.927125 0.000000 -0.374752 19.693785 19.693785 19.693785
3200.076904 1.010254 2738.145752 0.000000 0.697441 0.000000 0.716642 16.553270 16.553270 16.553270
3225.197754 0.118653 2723.724121 0.000000 0.874005 0.000000 0.485916 8.964388 8.964388 8.964388
3207.540283 3.476806 2704.585449 0.000000 0.874005 0.000000 0.485916 16.565174 16.565174 16.565174
3198.241699 2.668213 2707.842041 0.000000 0.874005 0.000000 0.485916 13.743078 13.743078 13.743078
3608.107422 1.734130 2110.533936 0.000000 0.966370 0.000000 0.257156 7.595948 7.595948 7.595948
3319.573486 2.393798 2137.626953 0.000000 0.756030 0.000000 0.654537 11.540431 11.540431 11.540431
3347.971191 1.894042 2141.729980 0.000000 0.001300 0.000000 0.999999 14.778625 14.778625 14.778625
3334.430420 0.708496 2119.353516 -0.000000 -0.539006 0.000000 0.842302 18.827211 18.827211 18.827211
3313.849609 0.048584 2107.010742 0.000000 -0.052323 0.000000 -0.998630 17.136564 17.136564 17.136564
3269.790771 1.121094 2110.160889 0.000000 0.188882 0.000000 -0.982000 10.721737 10.721737 10.721737
3284.761963 0.782471 2107.310791 0.000000 -0.043931 0.000000 0.999035 13.217430 13.217430 13.217430
3125.428955 1.299072 2222.371338 0.000000 -0.497964 0.000000 -0.867198 7.765961 7.765961 7.765961
3333.556885 0.090332 2285.670654 0.000000 0.099132 0.000000 -0.995074 9.461163 9.461163 9.461163
3222.127930 0.773438 2238.195801 0.000000 0.570452 0.000000 0.821331 9.461163 9.461163 9.461163
3400.871582 1.802002 2189.637939 0.000000 0.665694 0.000000 0.746224 9.461163 9.461163 9.461163
3255.618652 1.680176 2239.909180 0.000000 0.943032 0.000000 0.332703 6.354121 6.354121 6.354121
2948.489990 1.053467 2148.769043 0.000000 0.830843 0.000000 0.556506 5.538707 5.538707 5.538707
2933.334473 0.901855 2138.888184 0.000000 0.000000 0.000000 1.000000 9.248489 9.248489 9.248489
3061.695801 1.739746 2240.182861 0.000000 0.544580 0.000000 -0.838709 7.238060 7.238060 7.238060
3049.043457 0.730957 2178.618896 0.000000 0.212658 0.000000 0.977127 11.036515 11.036515 11.036515
2988.852295 0.954834 2365.816650 0.000000 -0.344709 0.000000 0.938710 11.609214 11.609214 11.609214
2922.766357 0.877930 2376.604492 0.000000 -0.003885 0.000000 -0.999992 20.533438 20.533438 20.533438
2825.943115 3.803711 2247.701904 0.000000 0.366415 0.000000 0.930452 14.456738 14.456738 14.456738
2801.077393 1.549561 2078.892334 0.000000 0.273009 0.000000 0.962011 4.719458 4.719458 4.719458
2901.111572 1.142578 2154.717041 0.000000 0.636774 0.000000 0.771050 3.959637 3.959637 3.959637
4257.770996 1.722901 2078.685059 0.000000 0.879886 0.000000 0.475184 26.334082 26.334082 26.334082
4240.519043 1.743653 2091.836670 0.000000 0.265574 0.000000 0.964091 20.665260 20.665260 20.665260
4064.095215 0.038696 1611.986328 0.000000 0.730984 0.000000 0.682394 28.509661 28.509661 28.509661
4284.926758 0.701050 1931.592163 0.000000 -0.361156 0.000000 0.932506 14.136586 14.136586 14.136586
4203.278320 -0.010132 1699.253906 0.000000 -0.717135 0.000000 0.696934 27.664976 27.664976 27.664976
4155.553223 0.234741 1692.541870 0.000000 -0.717135 0.000000 0.696934 16.734339 16.734339 16.734339
4158.699707 0.834473 1647.419922 0.000000 -0.596375 0.000000 0.802706 7.169785 7.169785 7.169785
4171.052734 0.825805 1666.757935 0.000000 -0.811042 0.000000 -0.584987 16.663631 16.663631 16.663631
4138.681641 0.787231 1665.227295 0.000000 0.999869 0.000000 0.016169 31.019211 31.019211 31.019211
4106.370117 0.255005 1666.964111 0.000000 0.927368 0.000000 0.374149 18.842264 18.842264 18.842264
3737.688477 0.730713 1958.268921 0.000000 -0.941756 0.000000 0.336298 10.044711 10.044711 10.044711
3722.012695 0.174316 1974.084106 0.000000 0.401158 0.000000 0.916009 14.823359 14.823359 14.823359
3710.334717 0.434814 1985.295410 0.000000 -0.144331 0.000000 0.989529 12.222442 12.222442 12.222442
3680.787109 2.036865 1978.614868 0.000000 -0.984074 0.000000 0.177757 17.547537 17.547537 17.547537
3695.048828 0.880005 1970.492188 0.000000 -0.992599 0.000000 -0.121439 8.509668 8.509668 8.509668
3696.670654 0.944946 1977.185181 0.000000 -0.467995 0.000000 -0.883731 8.509668 8.509668 8.509668
3651.812012 0.686890 1963.866699 0.000000 0.000000 0.000000 1.000000 18.258566 18.258566 18.258566
3654.744873 1.187256 1979.645264 0.000000 0.000000 0.000000 1.000000 17.113554 17.113554 17.113554
3134.181396 1.398682 2602.339600 0.000000 0.697397 0.000000 0.716685 4.595223 4.595223 4.595223
4208.983887 -0.681396 3617.359619 0.000000 0.000000 0.000000 1.000000 16.451359 16.451359 16.451359
4210.236328 2.982178 3631.540771 0.000000 0.000000 0.000000 1.000000 16.451359 16.451359 16.451359
4407.087402 2.097168 3044.241699 0.000000 0.799237 0.000000 0.601015 19.893908 19.893908 19.893908
4798.300293 1.026855 3144.313477 0.000000 0.652452 0.000000 0.757830 4.398942 4.398942 4.398942
4484.178223 0.287354 2842.289062 0.000000 0.662020 0.000000 0.749486 6.650393 6.650393 6.650393
4524.328125 0.344238 2887.795898 0.000000 -0.278905 0.000000 0.960319 4.655294 4.655294 4.655294
4484.143555 0.893555 2756.979980 0.000000 -0.252900 0.000000 0.967492 5.793633 5.793633 5.793633
5054.946289 1.383301 3016.094238 0.000000 0.764326 0.000000 0.644830 5.090265 5.090265 5.090265
5038.605469 0.268066 3021.051514 0.000000 0.554607 0.000000 0.832112 24.975712 24.975712 24.975712
5021.473633 -0.255859 3067.411621 0.000000 0.622693 0.000000 0.782466 24.975712 24.975712 24.975712
5000.751953 2.064697 3108.093506 0.000000 0.503767 0.000000 0.863840 24.975712 24.975712 24.975712
4316.420898 3.144043 2457.948242 0.000000 0.924207 0.000000 0.381891 18.415100 18.415100 18.415100
4305.198242 3.212646 2469.602783 0.000000 0.924207 0.000000 0.381891 18.467972 18.467972 18.467972
4334.864746 1.052246 2444.353027 0.000000 0.844752 0.000000 0.535156 8.209689 8.209689 8.209689
4326.417969 3.144531 2448.494141 0.000000 0.924207 0.000000 0.381891 18.454004 18.454004 18.454004
4235.292969 0.844727 2411.012207 0.000000 0.575404 0.000000 0.817869 8.088840 8.088840 8.088840
4351.343750 0.992920 2631.687012 0.000000 0.348831 0.000000 0.937186 8.144038 8.144038 8.144038
4348.967773 1.779053 2618.434082 0.000000 0.695448 0.000000 0.718577 6.166669 6.166669 6.166669
4358.734863 1.300049 2611.058594 0.000000 0.695448 0.000000 0.718577 8.029078 8.029078 8.029078
4293.617188 0.737549 2676.123291 0.000000 0.744009 0.000000 0.668170 6.740230 6.740230 6.740230
4301.777832 1.022461 2680.974609 0.000000 0.744009 0.000000 0.668170 5.564667 5.564667 5.564667
4502.676758 1.101807 2373.598633 0.000000 0.222607 0.000000 0.974908 4.167450 4.167450 4.167450
4868.636230 1.141357 2476.698486 0.000000 0.849161 0.000000 -0.528133 4.974798 4.974798 4.974798
4873.915527 0.171875 2485.767578 0.000000 0.399200 0.000000 0.916864 7.999258 7.999258 7.999258
4860.165039 1.174805 2479.787842 0.000000 0.557803 0.000000 0.829974 7.999258 7.999258 7.999258
4630.302734 0.879151 2345.159668 0.000000 0.987482 0.000000 -0.157729 3.727441 3.727441 3.727441
4622.175781 0.848145 2383.925293 0.000000 0.899752 0.000000 0.436401 19.424353 19.424353 19.424353
4644.826172 0.480957 2382.356201 0.000000 0.312023 0.000000 0.950074 9.822608 9.822608 9.822608
4549.901367 0.820801 2254.219482 0.000000 0.977976 0.000000 0.208716 41.932842 41.932842 41.932842
4599.657715 1.711426 2386.040771 0.000000 0.878344 0.000000 0.478028 16.437178 16.437178 16.437178
4615.136230 2.803223 2054.711182 0.000000 -0.355979 0.000000 -0.934494 18.912659 18.912659 18.912659
4594.446777 1.327148 2077.088623 0.000000 -0.355979 0.000000 -0.934494 19.341656 19.341656 19.341656
4562.604004 2.129150 2086.488525 0.000000 -0.114564 0.000000 -0.993416 19.341656 19.341656 19.341656
4653.231445 1.540771 2186.546631 0.000000 0.081565 0.000000 -0.996668 16.069660 16.069660 16.069660
4597.071289 1.540771 2184.293213 0.000000 0.081565 0.000000 -0.996668 37.296764 37.296764 37.296764
4651.854980 1.540771 2147.322266 0.000000 0.661556 0.000000 -0.749896 23.680483 23.680483 23.680483
4644.899902 1.540771 2129.461182 0.000000 0.972346 0.000000 -0.233545 19.448452 19.448452 19.448452
4625.101074 1.540771 2115.524658 0.000000 0.869113 0.000000 0.494614 15.746365 15.746365 15.746365
4674.125977 1.475098 2204.474609 0.000000 0.000000 0.000000 1.000000 7.660534 7.660534 7.660534
4652.254395 1.547607 2205.412109 0.000000 0.000000 0.000000 1.000000 11.925638 11.925638 11.925638
4528.538574 -0.189453 2057.493896 0.000000 0.348888 0.000000 0.937164 18.844547 18.844547 18.844547
4427.077148 0.977417 2090.624512 0.000000 0.987213 0.000000 0.159408 23.831863 23.831863 23.831863
4465.226074 1.299683 2085.322998 0.000000 0.995956 0.000000 -0.089849 18.844547 18.844547 18.844547
4500.679688 1.315552 2079.013184 0.000000 0.973739 0.000000 -0.227666 18.844547 18.844547 18.844547
4545.710449 0.928101 2027.654907 0.000000 0.348888 0.000000 0.937164 18.844547 18.844547 18.844547
4560.818359 0.229126 2014.882080 0.000000 0.160798 0.000000 0.986987 6.098554 6.098554 6.098554
4638.434570 -0.034424 1990.372681 0.000000 0.744172 0.000000 0.667988 9.844568 9.844568 9.844568
4645.263184 1.266479 1986.548340 0.000000 0.580186 0.000000 0.814484 10.786300 10.786300 10.786300
4644.376465 0.574829 1978.471558 0.000000 0.291891 0.000000 0.956452 6.849372 6.849372 6.849372
4537.576172 0.260620 1874.469604 0.000000 0.619632 0.000000 0.784892 22.679598 22.679598 22.679598
4522.462891 0.013184 1867.396973 0.000000 0.619632 0.000000 0.784892 22.679598 22.679598 22.679598
4488.920410 1.124023 2035.826782 0.000000 0.694395 0.000000 0.719595 7.513525 7.513525 7.513525
4177.650391 0.774170 1632.625000 0.000000 0.591415 0.000000 0.806367 52.581387 52.581387 52.581387
4236.483398 0.382690 1735.065796 0.000000 0.597207 0.000000 0.802087 8.687971 8.687971 8.687971
4230.636230 0.617432 1746.447144 0.000000 0.954889 0.000000 0.296962 13.203446 13.203446 13.203446
4202.323730 1.040527 1198.531738 0.000000 0.863995 0.000000 0.503500 4.563002 4.563002 4.563002
4471.549805 4.635864 1523.574585 0.000000 0.000000 0.000000 1.000000 9.128682 9.128682 9.128682
4471.266602 3.885986 1518.252686 0.000000 0.000000 0.000000 1.000000 9.730460 9.730460 9.730460
3246.806152 0.208984 2041.231934 0.000000 0.724805 0.000000 -0.688954 19.495512 19.495512 19.495512
3251.592285 1.495605 2066.365479 0.000000 0.843673 0.000000 0.536857 14.518048 14.518048 14.518048
3253.270508 1.407715 2085.274658 0.000000 0.531107 0.000000 0.847305 9.249927 9.249927 9.249927
3366.288818 1.352661 1649.733765 0.000000 -0.121525 0.000000 0.992588 9.796375 9.796375 9.796375
3197.398926 1.152466 1835.095215 0.000000 0.000000 0.000000 1.000000 18.444820 18.444820 18.444820
3211.208252 1.221069 1984.523804 0.000000 0.414902 0.000000 -0.909866 15.763745 15.763745 15.763745
3236.421387 0.872314 1997.524902 0.000000 0.227581 0.000000 -0.973759 15.763745 15.763745 15.763745
3250.780518 0.920776 2012.791748 0.000000 -0.538731 0.000000 -0.842478 11.487693 11.487693 11.487693
3211.252197 0.033691 1915.536743 0.000000 -0.794586 0.000000 -0.607151 21.895664 21.895664 21.895664
3210.600342 1.527466 1951.472778 0.000000 -0.789469 0.000000 0.613791 21.895664 21.895664 21.895664
3269.275146 2.050903 1908.217896 0.000000 -0.764916 0.000000 0.644130 17.656086 17.656086 17.656086
3304.392334 0.820801 1941.115845 0.000000 -0.440875 0.000000 0.897568 6.406492 6.406492 6.406492
3295.719238 1.363525 1933.121216 0.000000 0.000000 0.000000 1.000000 3.594762 3.594762 3.594762
3271.863281 1.631348 1850.326782 0.000000 0.000000 0.000000 1.000000 12.332752 12.332752 12.332752
3184.702637 2.760376 2002.730469 0.000000 -0.831013 0.000000 0.556253 19.600872 19.600872 19.600872
3158.205811 2.173828 1972.346436 0.000000 -0.758774 0.000000 -0.651354 18.701660 18.701660 18.701660
3148.705566 0.896362 1992.625854 0.000000 0.000000 0.000000 1.000000 12.146621 12.146621 12.146621
3302.305664 1.248535 2003.832764 0.000000 0.517255 0.000000 0.855832 4.188945 4.188945 4.188945
3205.223877 0.775635 1803.015015 0.000000 0.580925 0.000000 -0.813957 3.703605 3.703605 3.703605
3210.383545 0.767578 1802.731323 0.000000 0.999757 0.000000 0.022058 3.703605 3.703605 3.703605
3217.434570 0.848389 1797.071045 0.000000 0.741373 0.000000 0.671094 3.703605 3.703605 3.703605
3504.413574 1.514771 1705.759155 0.000000 0.000000 0.000000 1.000000 10.830294 10.830294 10.830294
3471.110107 0.892456 1695.844482 0.000000 0.000000 0.000000 1.000000 5.480702 5.480702 5.480702
3481.915283 0.784790 1696.919189 0.000000 0.000000 0.000000 1.000000 5.480702 5.480702 5.480702
3611.242920 1.115723 1764.616699 0.000000 0.000000 0.000000 1.000000 5.617298 5.617298 5.617298
3734.013672 2.420532 1691.735962 0.000000 0.811572 0.000000 0.584252 30.041883 30.041883 30.041883
3583.642090 0.600342 1419.065186 0.000000 -0.308890 0.000000 0.951098 24.047096 24.047096 24.047096
3596.941895 0.578857 1408.898438 0.000000 -0.308890 0.000000 0.951098 13.204734 13.204734 13.204734
3690.079834 0.614014 1477.049072 0.000000 0.999542 0.000000 0.030264 18.572140 18.572140 18.572140
3692.638184 0.710815 1491.095703 0.000000 0.999542 0.000000 0.030264 18.572140 18.572140 18.572140
3505.275635 1.628296 1434.889648 0.000000 0.000000 0.000000 1.000000 13.335605 13.335605 13.335605
2892.281494 1.052734 1544.141846 0.000000 0.338112 0.000000 0.941106 6.591614 6.591614 6.591614
2913.049316 -0.278320 1797.809570 0.000000 -0.992075 0.000000 -0.125648 16.199236 16.199236 16.199236
2904.814941 0.059326 1810.992676 0.000000 -0.992075 0.000000 -0.125648 13.547182 13.547182 13.547182
2920.398193 1.797607 1810.226074 0.000000 -0.854378 0.000000 0.519652 11.611017 11.611017 11.611017
2990.804688 0.086182 1790.268677 0.000000 -0.615912 0.000000 0.787815 28.761015 28.761015 28.761015
3140.866699 0.503174 1682.585938 0.000000 0.121767 0.000000 0.992559 15.141486 15.141486 15.141486
3151.276855 1.871216 1692.316406 0.000000 0.463169 0.000000 0.886270 18.915455 18.915455 18.915455
3112.154297 1.599609 1697.812012 0.000000 0.000000 0.000000 1.000000 8.298488 8.298488 8.298488
3365.746582 1.134766 1943.746338 0.000000 -0.837429 0.000000 -0.546546 14.690036 14.690036 14.690036
3384.767334 -1.813354 1953.808716 0.000000 -0.220294 0.000000 -0.975434 16.025843 16.025843 16.025843
2421.957031 0.822021 1570.146362 0.000000 0.751425 0.000000 0.659818 7.355698 7.355698 7.355698
2415.757568 0.539795 1558.361450 0.000000 0.000000 0.000000 1.000000 4.997635 4.997635 4.997635
2356.833740 0.881836 1500.874756 0.000000 -0.226413 0.000000 0.974031 4.313900 4.313900 4.313900
2385.001953 0.881836 1511.175293 0.000000 -0.925888 0.000000 0.377797 9.849624 9.849624 9.849624
2409.602539 0.181030 1536.074341 0.000000 0.000000 0.000000 1.000000 3.591662 3.591662 3.591662
2418.318359 0.498657 1541.604492 0.000000 0.000000 0.000000 1.000000 8.347236 8.347236 8.347236
2519.529785 -0.134399 1572.943237 0.000000 0.000000 0.000000 1.000000 8.437377 8.437377 8.437377
1911.518555 0.945557 1595.206299 0.000000 0.981026 0.000000 0.193874 7.901937 7.901937 7.901937
1923.746338 1.944458 1596.666382 0.000000 0.993803 0.000000 0.111155 10.091773 10.091773 10.091773
1935.604126 1.165527 1610.416260 0.000000 0.874827 0.000000 0.484435 10.091773 10.091773 10.091773
1823.505127 0.420044 1303.081909 0.000000 0.761870 0.000000 0.647730 6.215262 6.215262 6.215262
1817.949219 1.642700 1285.707397 0.000000 0.761870 0.000000 0.647730 10.361090 10.361090 10.361090
1852.489746 0.872803 1358.964355 0.000000 0.870167 0.000000 0.492756 16.708605 16.708605 16.708605
2037.888306 0.773193 1204.877441 0.000000 -0.996035 0.000000 0.088959 6.725230 6.725230 6.725230
1792.966431 0.943848 1417.893433 0.000000 0.154937 0.000000 0.987924 3.710318 3.710318 3.710318
1482.441528 0.758179 2010.399048 0.000000 0.802217 0.000000 0.597032 11.718342 11.718342 11.718342
2149.795898 0.038574 2788.759766 0.000000 -0.824489 0.000000 0.565877 10.063299 10.063299 10.063299
2147.688232 0.701172 2763.164307 0.000000 -0.657985 0.000000 0.753031 16.172667 16.172667 16.172667
2134.740234 0.459717 2737.963135 0.000000 -0.354316 0.000000 0.935126 8.258730 8.258730 8.258730
1384.028931 0.884766 2055.330322 0.000000 0.765966 0.000000 0.642880 5.493783 5.493783 5.493783
1409.090942 0.945435 1974.364868 0.000000 0.880784 0.000000 0.473519 6.497900 6.497900 6.497900
3530.242432 0.838867 2069.135254 0.000000 -0.729546 0.000000 0.683932 8.067018 8.067018 8.067018
3532.919678 0.804199 2052.728516 0.000000 -0.918055 0.000000 0.396452 12.792793 12.792793 12.792793
3599.579346 -0.869873 2011.884766 0.000000 -0.286399 0.000000 0.958111 12.792793 12.792793 12.792793
3587.037842 -0.460083 2011.485718 0.000000 0.019469 0.000000 0.999811 12.792793 12.792793 12.792793
3564.632080 0.100830 2014.327148 0.000000 -0.918055 0.000000 0.396452 12.792793 12.792793 12.792793
3547.007568 1.621460 2032.030151 0.000000 -0.918055 0.000000 0.396452 12.792793 12.792793 12.792793
1732.591919 1.364990 2810.181396 0.000000 0.588310 0.000000 0.808636 6.131866 6.131866 6.131866
3271.006348 1.156738 2769.992188 0.000000 -0.427625 0.000000 0.903956 6.265112 6.265112 6.265112
4755.451660 -0.122559 2566.249268 0.000000 -0.234787 0.000000 0.972047 9.510295 9.510295 9.510295
4024.731689 -1.394043 3339.933594 0.000000 0.793293 0.000000 0.608840 14.447201 14.447201 14.447201
"}
object={
	name="lakes_variant_1"
	render_pass=Map
	clamp_to_water_level=no
	generated_content=no
	layer="lake_layer"
	pdxmesh="lake_mesh"
	count=5
	transform="2643.681885 0.390625 3079.937500 0.000000 0.029078 0.000000 -0.999577 6.221544 6.221544 6.221544
2649.329102 0.114502 3128.815186 0.000000 0.029078 0.000000 -0.999577 15.185888 15.185888 15.185888
2687.655762 1.095947 3115.010254 0.000000 -0.399201 0.000000 -0.916863 17.893776 17.893776 17.893776
2655.921875 0.758789 2914.556152 0.000000 -0.137171 0.000000 -0.990547 10.990929 10.990929 10.990929
2671.474854 1.644775 3091.004150 0.000000 -0.399201 0.000000 -0.916863 38.806007 38.806007 38.806007
"}
object={
	name="lakes_variant_2"
	render_pass=MapUnderWater
	clamp_to_water_level=yes
	generated_content=no
	layer="lake_layer"
	pdxmesh="lake_mesh"
	count=5
	transform="2526.085693 0.637695 2941.500732 0.000000 0.626286 0.000000 -0.779594 20.344055 20.344055 20.344055
2546.812744 0.827148 2965.058105 0.000000 0.626286 0.000000 -0.779594 15.602392 15.602392 15.602392
2537.879395 0.655273 2975.934082 0.000000 0.626286 0.000000 -0.779594 15.956837 15.956837 15.956837
2546.408203 1.064453 2997.336426 0.000000 0.753630 0.000000 -0.657299 16.731384 16.731384 16.731384
2543.779053 0.174561 3021.955566 0.000000 0.753630 0.000000 -0.657299 11.530344 11.530344 11.530344
"}
