object={
	name="basalt_column_rock_01"
	render_pass=Map
	clamp_to_water_level=no
	generated_content=no
	layer="building_layer"
	pdxmesh="rocks_basalt_01_mesh"
	count=5
	transform="4242.039062 0.000000 3500.851562 0.000000 0.957656 0.000000 0.287915 1.000000 1.000000 1.000000
4140.360840 0.000000 3548.911133 0.000000 0.980379 0.000000 0.197121 1.000000 1.000000 1.000000
4359.725586 0.000000 3482.573486 0.000000 0.050812 0.000000 -0.998708 1.000000 1.000000 1.000000
4564.881348 0.000000 3494.102539 0.000000 0.847518 0.000000 0.530766 1.000000 1.000000 1.000000
4416.678223 0.000000 3501.239502 0.000000 0.000000 0.000000 1.000000 1.000000 1.000000 1.000000
"}
object={
	name="basalt_column_rock_02"
	render_pass=Map
	clamp_to_water_level=no
	generated_content=no
	layer="building_layer"
	pdxmesh="rocks_basalt_02_mesh"
	count=2
	transform="4224.634766 0.000000 3505.700439 0.000000 -0.892961 0.000000 0.450133 1.000000 1.000000 1.000000
4087.322998 0.000000 3400.681396 0.000000 0.438244 0.000000 0.898856 1.000000 1.000000 1.000000
"}
object={
	name="basalt_decal_1"
	render_pass=Map
	clamp_to_water_level=no
	generated_content=no
	layer="building_layer"
	pdxmesh="basalt_01_mesh"
	count=3
	transform="4089.715332 0.000000 3400.135742 0.000000 0.000000 0.000000 1.000000 1.132528 1.132528 1.132528
4097.297363 0.000000 3243.064697 0.000000 0.958408 0.000000 0.285400 1.223828 1.223828 1.223828
4114.187988 0.000000 3147.285156 0.000000 0.972105 0.000000 0.234545 1.374562 1.374562 1.374562
"}
object={
	name="basalt_decal_2"
	render_pass=Map
	clamp_to_water_level=no
	generated_content=no
	layer="building_layer"
	pdxmesh="basalt_02_mesh"
	count=4
	transform="4097.160645 0.000000 3242.317871 0.000000 -0.238701 0.000000 0.971094 1.000000 1.000000 1.000000
4096.156738 0.000000 3386.453613 0.000000 -0.858474 0.000000 0.512856 1.000000 1.000000 1.000000
4508.142578 0.000000 3473.772705 0.000000 -0.454111 0.000000 0.890945 1.000000 1.000000 1.000000
4513.447266 0.000000 3477.337158 0.000000 -0.474329 0.000000 0.880348 1.000000 1.000000 1.000000
"}
object={
	name="bridge_dunmer"
	render_pass=Map
	clamp_to_water_level=no
	generated_content=no
	layer="building_layer"
	pdxmesh="bridge_dunmer_mesh"
	count=44
	transform="4929.766113 0.231445 3364.556396 0.000000 -0.912674 0.000000 0.408688 2.955988 2.955988 2.955988
4740.002441 0.820312 2377.841064 0.000000 -0.923433 0.000000 -0.383760 3.043353 3.043353 3.043353
4464.066895 0.712646 2781.794678 0.000000 -0.991991 0.000000 0.126305 2.606087 2.606087 2.606087
4554.449219 0.205322 2924.507080 0.000000 -0.717603 0.000000 0.696453 2.606087 2.606087 2.606087
4724.039551 0.500488 2797.695801 0.000000 0.747303 0.000000 0.664483 2.606087 2.606087 2.606087
4726.198242 1.909668 2852.156250 0.000000 0.679044 0.000000 0.734097 2.606087 2.606087 2.606087
4567.707031 0.628418 2815.020752 0.000000 -0.143908 0.000000 0.989591 2.606087 2.606087 2.606087
4558.599121 0.205322 2888.119629 0.000000 -0.866474 0.000000 0.499222 2.606087 2.606087 2.606087
4526.857422 0.205322 2911.685059 0.000000 -0.953040 0.000000 0.302842 2.606087 2.606087 2.606087
4390.482910 0.668457 3016.032471 0.000000 -0.282771 0.000000 0.959187 2.244314 2.244314 2.244314
4379.583496 0.826660 2997.393311 0.000000 -0.660234 0.000000 0.751060 2.014870 2.014870 2.014870
4117.647461 0.113525 3391.209473 0.000000 0.999463 0.000000 0.032766 2.520589 2.520589 2.520589
4364.767090 0.845703 3182.520752 0.000000 0.676480 0.000000 -0.736461 2.845104 2.845104 2.845104
4211.087891 3.403564 3258.861084 0.000000 1.000000 0.000000 -0.000127 3.034125 3.034125 3.034125
4355.196777 1.537842 2956.377197 0.000000 -0.436020 0.000000 0.899937 2.606087 2.606087 2.606087
4470.560059 0.205322 2861.420654 0.000000 -0.619680 0.000000 0.784854 2.606087 2.606087 2.606087
4487.932129 0.491943 2855.730957 0.000000 -0.951231 0.000000 0.308479 2.606087 2.606087 2.606087
4468.377441 0.712646 2769.292969 0.000000 -0.978820 0.000000 -0.204723 2.606087 2.606087 2.606087
4494.483887 1.899658 2661.543701 0.000000 -0.968075 0.000000 -0.250659 2.836332 2.836332 2.836332
4517.164551 1.126709 2579.044434 0.000000 -0.769646 0.000000 -0.638470 2.836332 2.836332 2.836332
4496.958008 2.946777 2548.268555 0.000000 -0.934256 0.000000 -0.356602 2.836332 2.836332 2.836332
4479.661133 1.576904 2562.787109 0.000000 -0.814127 0.000000 -0.580687 2.836332 2.836332 2.836332
4476.774902 2.412842 2573.685059 0.000000 -0.958721 0.000000 0.284347 2.836332 2.836332 2.836332
4463.638184 1.576904 2564.790039 0.000000 -0.785116 0.000000 -0.619348 2.836332 2.836332 2.836332
4451.084473 3.276611 2568.880859 0.000000 -0.831907 0.000000 -0.554915 2.836332 2.836332 2.836332
4352.962891 0.204102 2433.233398 0.000000 -0.456874 0.000000 -0.889531 2.836332 2.836332 2.836332
4478.211426 1.183838 2514.026855 0.000000 -0.711405 0.000000 -0.702782 3.612965 3.612965 3.612965
4464.522461 0.275147 2429.910889 0.000000 -0.586327 0.000000 -0.810074 1.788374 1.788374 1.788374
4452.653809 1.304200 2425.656250 0.000000 -0.567332 0.000000 -0.823488 1.745383 1.745383 1.745383
4390.191895 0.204102 2366.364746 0.000000 -0.770503 0.000000 -0.637436 2.836332 2.836332 2.836332
4488.600586 1.421631 2378.594482 0.000000 -0.693465 0.000000 -0.720490 3.420567 3.420567 3.420567
4843.268555 0.929688 2187.085449 0.000000 -0.693465 0.000000 -0.720490 3.420567 3.420567 3.420567
4823.442383 0.820312 2353.132568 0.000000 -0.790118 0.000000 -0.612954 3.420567 3.420567 3.420567
4841.605957 3.399170 2367.074707 0.000000 -0.999356 0.000000 -0.035885 3.068943 3.068943 3.068943
4955.900879 0.401123 2446.732422 0.000000 -0.951607 0.000000 0.307318 2.776146 2.776146 2.776146
4938.728027 0.352539 2535.480957 0.000000 -0.860902 0.000000 -0.508771 2.955988 2.955988 2.955988
4967.700684 0.993652 2593.922119 0.000000 -0.965279 0.000000 -0.261221 2.955988 2.955988 2.955988
5243.898926 0.818604 3005.345459 0.000000 -0.989103 0.000000 0.147225 2.955988 2.955988 2.955988
5102.872070 0.894775 2994.404053 0.000000 -0.989103 0.000000 0.147225 2.955988 2.955988 2.955988
5030.295410 0.310547 3040.546631 0.000000 -0.763735 0.000000 0.645530 2.955988 2.955988 2.955988
4956.270508 0.310547 3267.899414 0.000000 -0.995056 0.000000 0.099319 2.955988 2.955988 2.955988
4932.941406 0.000000 3274.819580 0.000000 -0.935602 0.000000 0.353056 2.955988 2.955988 2.955988
4296.924316 0.551758 3391.329102 0.000000 0.435526 0.000000 0.900176 3.216205 3.216205 3.216205
4229.980957 0.940186 2936.152588 0.000000 -0.428701 0.000000 0.903446 1.599789 1.599789 1.599789
"}
object={
	name="sprawl_ebonheart"
	render_pass=Map
	clamp_to_water_level=no
	generated_content=no
	layer="special_sprawl_layer"
	pdxmesh="sprawl_ebonheart_mesh"
	count=1
	transform="4498.898926 0.000000 2591.091797 0.000000 -0.048199 0.000000 0.998838 1.000000 1.000000 1.000000
"}
object={
	name="sprawl_kragenmoor"
	render_pass=Map
	clamp_to_water_level=no
	generated_content=no
	layer="special_sprawl_layer"
	pdxmesh="sprawl_kragenmoor_mesh"
	count=1
	transform="4315.299805 0.000000 2543.470703 0.000000 -0.710258 0.000000 -0.703941 1.000000 1.000000 1.000000
"}
object={
	name="test"
	render_pass=Map
	clamp_to_water_level=no
	generated_content=no
	layer="activities_layer"
	pdxmesh="sprawl_balmora_mesh"
	count=1
	transform="4386.533691 0.580566 2998.309326 0.000000 0.727727 0.000000 0.685867 1.000000 1.000000 1.000000
"}
object={
	name="vivec_canton"
	render_pass=Map
	clamp_to_water_level=no
	generated_content=no
	layer="building_layer"
	pdxmesh="building_vivec_canton_mesh"
	count=0
}
